Sample	Protists_1k	Bacteria_24k	Human	Fungi_RefSeq_release	Bird	Plant	Coral	Viruses	Vectors	Contamnts_Adaptrs	Multiple Genomes	No hits
Tzo-ABol_002-Ex1-2A-lcwgs-1-1.clmp.fp2_r1_screen	4064.0	560.0	521.0	368.0	242.0	64.0	67.0	13.0	3.0	0.0	13870.0	664353.0
Tzo-ABol_002-Ex1-2A-lcwgs-1-1.clmp.fp2_r2_screen	4125.0	523.0	505.0	318.0	227.0	64.0	66.0	18.0	0.0	0.0	13857.0	664422.0
Tzo-ABol_003-Ex1-3A-lcwgs-1-1.clmp.fp2_r1_screen	4090.0	518.0	535.0	354.0	253.0	64.0	47.0	13.0	0.0	0.0	13238.0	653845.0
Tzo-ABol_003-Ex1-3A-lcwgs-1-1.clmp.fp2_r2_screen	4163.0	532.0	498.0	328.0	239.0	57.0	59.0	18.0	2.0	0.0	13149.0	653912.0
Tzo-ABol_008-Ex1-8A-lcwgs-1-1.clmp.fp2_r1_screen	15263.0	6413.0	1904.0	1395.0	918.0	231.0	202.0	59.0	15.0	0.0	50242.0	2325928.0
Tzo-ABol_008-Ex1-8A-lcwgs-1-1.clmp.fp2_r2_screen	15283.0	6270.0	1894.0	1283.0	926.0	214.0	220.0	62.0	3.0	0.0	49767.0	2326648.0
Tzo-ABol_009-Ex1-9A-lcwgs-1-1.clmp.fp2_r1_screen	12595.0	3440.0	1607.0	988.0	788.0	172.0	158.0	58.0	12.0	0.0	50137.0	2109311.0
Tzo-ABol_009-Ex1-9A-lcwgs-1-1.clmp.fp2_r2_screen	12630.0	3326.0	1574.0	1043.0	840.0	150.0	137.0	58.0	4.0	0.0	49321.0	2110183.0
Tzo-ABol_010-Ex1-10A-lcwgs-1-1.clmp.fp2_r1_screen	20475.0	2917.0	2449.0	1661.0	1236.0	274.0	271.0	71.0	12.0	0.0	65951.0	3501547.0
Tzo-ABol_010-Ex1-10A-lcwgs-1-1.clmp.fp2_r2_screen	20351.0	2933.0	2419.0	1697.0	1235.0	280.0	295.0	89.0	2.0	0.0	65657.0	3501906.0
Tzo-ABol_011-Ex1-11A-lcwgs-1-1.clmp.fp2_r1_screen	112.0	9.0	15.0	6.0	6.0	2.0	2.0	1.0	0.0	0.0	433.0	16548.0
Tzo-ABol_011-Ex1-11A-lcwgs-1-1.clmp.fp2_r2_screen	115.0	9.0	7.0	8.0	9.0	1.0	1.0	0.0	0.0	0.0	406.0	16578.0
Tzo-ABol_012-Ex1-12A-lcwgs-1-1.clmp.fp2_r1_screen	6374.0	842.0	1251.0	556.0	395.0	103.0	82.0	25.0	1.0	0.0	21041.0	955488.0
Tzo-ABol_012-Ex1-12A-lcwgs-1-1.clmp.fp2_r2_screen	6305.0	815.0	1195.0	541.0	377.0	95.0	91.0	29.0	0.0	0.0	21025.0	955685.0
Tzo-ABol_020-Ex1-8B-lcwgs-1-1.clmp.fp2_r1_screen	27278.0	5502.0	3826.0	2412.0	1702.0	429.0	414.0	98.0	41.0	0.0	94590.0	3944279.0
Tzo-ABol_020-Ex1-8B-lcwgs-1-1.clmp.fp2_r2_screen	27441.0	5312.0	3553.0	2518.0	1625.0	426.0	408.0	102.0	5.0	0.0	94085.0	3945096.0
Tzo-ABol_023-Ex1-11B-lcwgs-1-1.clmp.fp2_r1_screen	32768.0	2871.0	4290.0	2999.0	2021.0	547.0	467.0	104.0	4.0	0.0	106930.0	4387059.0
Tzo-ABol_023-Ex1-11B-lcwgs-1-1.clmp.fp2_r2_screen	33041.0	2720.0	4141.0	3019.0	1983.0	550.0	453.0	108.0	4.0	0.0	106074.0	4387967.0
Tzo-ABol_024-Ex1-12B-lcwgs-1-1.clmp.fp2_r1_screen	105.0	10.0	8.0	9.0	6.0	0.0	2.0	1.0	0.0	0.0	436.0	16434.0
Tzo-ABol_024-Ex1-12B-lcwgs-1-1.clmp.fp2_r2_screen	137.0	10.0	2.0	16.0	5.0	1.0	3.0	0.0	1.0	0.0	404.0	16432.0
Tzo-ABol_026-Ex1-2C-lcwgs-1-1.clmp.fp2_r1_screen	13278.0	1491.0	1707.0	1176.0	773.0	224.0	210.0	49.0	9.0	0.0	42554.0	1902440.0
Tzo-ABol_026-Ex1-2C-lcwgs-1-1.clmp.fp2_r2_screen	13574.0	1416.0	1699.0	1172.0	805.0	202.0	193.0	50.0	1.0	0.0	42163.0	1902636.0
Tzo-ABol_030-Ex1-6C-lcwgs-1-1.clmp.fp2_r1_screen	27585.0	2998.0	3619.0	2350.0	1630.0	407.0	352.0	83.0	8.0	0.0	87947.0	4105646.0
Tzo-ABol_030-Ex1-6C-lcwgs-1-1.clmp.fp2_r2_screen	27928.0	2929.0	3590.0	2392.0	1602.0	406.0	369.0	97.0	5.0	0.0	87661.0	4105646.0
Tzo-ABol_034-Ex1-10C-lcwgs-1-1.clmp.fp2_r1_screen	24816.0	3632.0	3232.0	2246.0	1528.0	367.0	347.0	96.0	11.0	0.0	82483.0	3962270.0
Tzo-ABol_034-Ex1-10C-lcwgs-1-1.clmp.fp2_r2_screen	25066.0	3620.0	3311.0	2210.0	1484.0	378.0	362.0	98.0	2.0	0.0	82227.0	3962270.0
Tzo-ABol_035-Ex1-11C-lcwgs-1-1.clmp.fp2_r1_screen	1528.0	149.0	172.0	128.0	95.0	23.0	29.0	7.0	0.0	0.0	4860.0	231578.0
Tzo-ABol_035-Ex1-11C-lcwgs-1-1.clmp.fp2_r2_screen	1576.0	125.0	192.0	108.0	73.0	31.0	13.0	7.0	0.0	0.0	4794.0	231650.0
Tzo-ABol_036-Ex1-12C-lcwgs-1-1.clmp.fp2_r1_screen	30121.0	5807.0	3588.0	2561.0	1741.0	403.0	401.0	114.0	5.0	0.0	111592.0	4639140.0
Tzo-ABol_036-Ex1-12C-lcwgs-1-1.clmp.fp2_r2_screen	30277.0	5652.0	3586.0	2578.0	1778.0	405.0	354.0	90.0	5.0	0.0	110649.0	4640099.0
Tzo-ABol_038-Ex1-2D-lcwgs-1-1.clmp.fp2_r1_screen	14739.0	1401.0	1891.0	1285.0	985.0	185.0	224.0	59.0	10.0	0.0	47298.0	2443985.0
Tzo-ABol_038-Ex1-2D-lcwgs-1-1.clmp.fp2_r2_screen	14742.0	1380.0	1894.0	1357.0	974.0	214.0	200.0	61.0	4.0	0.0	47251.0	2443985.0
Tzo-ABol_043-Ex1-7D-lcwgs-1-1.clmp.fp2_r1_screen	15038.0	1254.0	1760.0	1270.0	930.0	226.0	167.0	60.0	8.0	0.0	49563.0	2361413.0
Tzo-ABol_043-Ex1-7D-lcwgs-1-1.clmp.fp2_r2_screen	14805.0	1289.0	1783.0	1246.0	851.0	243.0	183.0	66.0	2.0	0.0	49079.0	2362142.0
Tzo-ABol_044-Ex1-8D-lcwgs-1-1.clmp.fp2_r1_screen	25909.0	4593.0	2766.0	2067.0	1713.0	273.0	230.0	159.0	36.0	0.0	130237.0	4063303.0
Tzo-ABol_044-Ex1-8D-lcwgs-1-1.clmp.fp2_r2_screen	26073.0	4491.0	2668.0	2012.0	1697.0	286.0	237.0	147.0	3.0	0.0	128253.0	4065419.0
Tzo-ABol_045-Ex1-9D-lcwgs-1-1.clmp.fp2_r1_screen	14925.0	1984.0	1793.0	1260.0	933.0	192.0	188.0	61.0	18.0	0.0	44998.0	2587708.0
Tzo-ABol_045-Ex1-9D-lcwgs-1-1.clmp.fp2_r2_screen	15012.0	1973.0	1797.0	1235.0	845.0	195.0	173.0	68.0	1.0	0.0	44788.0	2587973.0
Tzo-ABol_046-Ex1-10D-lcwgs-1-1.clmp.fp2_r1_screen	4771.0	558.0	494.0	386.0	273.0	58.0	47.0	21.0	6.0	0.0	15945.0	819171.0
Tzo-ABol_046-Ex1-10D-lcwgs-1-1.clmp.fp2_r2_screen	4775.0	524.0	538.0	385.0	265.0	77.0	49.0	25.0	1.0	0.0	15836.0	819255.0
Tzo-ABol_047-Ex1-11D-lcwgs-1-1.clmp.fp2_r1_screen	25282.0	3855.0	2976.0	2125.0	1524.0	378.0	313.0	107.0	3.0	0.0	89055.0	3862255.0
Tzo-ABol_047-Ex1-11D-lcwgs-1-1.clmp.fp2_r2_screen	25581.0	3853.0	2927.0	2014.0	1482.0	390.0	322.0	93.0	1.0	0.0	87759.0	3863451.0
Tzo-ABol_048-Ex1-12D-lcwgs-1-1.clmp.fp2_r1_screen	6291.0	569.0	778.0	581.0	373.0	103.0	112.0	31.0	2.0	0.0	18768.0	991127.0
Tzo-ABol_048-Ex1-12D-lcwgs-1-1.clmp.fp2_r2_screen	6328.0	573.0	781.0	522.0	337.0	94.0	100.0	30.0	1.0	0.0	18740.0	991229.0
Tzo-ABol_050-Ex1-2E-lcwgs-1-1.clmp.fp2_r1_screen	11003.0	985.0	1298.0	916.0	643.0	160.0	130.0	48.0	9.0	0.0	36813.0	1772721.0
Tzo-ABol_050-Ex1-2E-lcwgs-1-1.clmp.fp2_r2_screen	11207.0	983.0	1252.0	821.0	624.0	130.0	137.0	41.0	0.0	0.0	36628.0	1772903.0
Tzo-ABol_051-Ex1-3E-lcwgs-1-1.clmp.fp2_r1_screen	5008.0	490.0	623.0	454.0	296.0	67.0	47.0	16.0	4.0	0.0	17658.0	770905.0
Tzo-ABol_051-Ex1-3E-lcwgs-1-1.clmp.fp2_r2_screen	5092.0	503.0	651.0	430.0	305.0	53.0	55.0	23.0	0.0	0.0	17472.0	770984.0
Tzo-ABol_052-Ex1-4E-lcwgs-1-1.clmp.fp2_r1_screen	13204.0	1528.0	1572.0	1142.0	750.0	176.0	148.0	39.0	3.0	0.0	49069.0	1933265.0
Tzo-ABol_052-Ex1-4E-lcwgs-1-1.clmp.fp2_r2_screen	13267.0	1506.0	1616.0	1180.0	741.0	167.0	165.0	53.0	2.0	0.0	48734.0	1933465.0
Tzo-ABol_053-Ex1-5E-lcwgs-1-1.clmp.fp2_r1_screen	43499.0	5647.0	5679.0	3943.0	2577.0	667.0	621.0	189.0	8.0	0.0	141216.0	6552440.0
Tzo-ABol_053-Ex1-5E-lcwgs-1-1.clmp.fp2_r2_screen	44038.0	5647.0	5510.0	3967.0	2614.0	660.0	623.0	183.0	4.0	0.0	140125.0	6553115.0
Tzo-ABol_054-Ex1-6E-lcwgs-1-1.clmp.fp2_r1_screen	36383.0	4287.0	4892.0	3113.0	2288.0	480.0	510.0	151.0	6.0	0.0	126861.0	5887818.0
Tzo-ABol_054-Ex1-6E-lcwgs-1-1.clmp.fp2_r2_screen	36592.0	4218.0	4893.0	3180.0	2350.0	481.0	485.0	200.0	5.0	0.0	124747.0	5889638.0
Tzo-ABol_055-Ex1-7E-lcwgs-1-1.clmp.fp2_r1_screen	13948.0	1134.0	1729.0	1190.0	844.0	219.0	203.0	62.0	6.0	0.0	43596.0	2192636.0
Tzo-ABol_055-Ex1-7E-lcwgs-1-1.clmp.fp2_r2_screen	13975.0	1118.0	1749.0	1171.0	870.0	214.0	185.0	82.0	0.0	0.0	43341.0	2192862.0
Tzo-ABol_056-Ex1-8E-lcwgs-1-1.clmp.fp2_r1_screen	9032.0	864.0	1159.0	782.0	529.0	140.0	118.0	47.0	16.0	0.0	30596.0	1357435.0
Tzo-ABol_056-Ex1-8E-lcwgs-1-1.clmp.fp2_r2_screen	9187.0	897.0	1125.0	762.0	521.0	141.0	128.0	39.0	2.0	0.0	30481.0	1357435.0
Tzo-ABol_057-Ex1-9E-lcwgs-1-1.clmp.fp2_r1_screen	29573.0	3385.0	3674.0	2531.0	1942.0	399.0	389.0	122.0	31.0	0.0	96593.0	4902758.0
Tzo-ABol_057-Ex1-9E-lcwgs-1-1.clmp.fp2_r2_screen	29938.0	3319.0	3695.0	2613.0	1844.0	414.0	404.0	147.0	4.0	0.0	95757.0	4903262.0
Tzo-ABol_058-Ex1-10E-lcwgs-1-1.clmp.fp2_r1_screen	9210.0	879.0	1134.0	843.0	535.0	133.0	134.0	33.0	6.0	0.0	28644.0	1416360.0
Tzo-ABol_058-Ex1-10E-lcwgs-1-1.clmp.fp2_r2_screen	9232.0	865.0	1165.0	809.0	539.0	145.0	135.0	31.0	0.0	0.0	28630.0	1416360.0
Tzo-ABol_059-Ex1-11E-lcwgs-1-1.clmp.fp2_r1_screen	8513.0	723.0	1127.0	743.0	485.0	110.0	135.0	50.0	3.0	0.0	27266.0	1176818.0
Tzo-ABol_059-Ex1-11E-lcwgs-1-1.clmp.fp2_r2_screen	8530.0	726.0	1040.0	753.0	458.0	135.0	113.0	39.0	3.0	0.0	26993.0	1177183.0
Tzo-ABol_060-Ex1-12E-lcwgs-1-1.clmp.fp2_r1_screen	7358.0	545.0	874.0	595.0	427.0	99.0	107.0	32.0	1.0	0.0	22624.0	1195199.0
Tzo-ABol_060-Ex1-12E-lcwgs-1-1.clmp.fp2_r2_screen	7386.0	543.0	895.0	612.0	432.0	117.0	100.0	30.0	0.0	0.0	22424.0	1195322.0
Tzo-ABol_061-Ex1-1F-lcwgs-1-1.clmp.fp2_r1_screen	7762.0	703.0	1007.0	626.0	440.0	102.0	95.0	33.0	1.0	0.0	27787.0	1246619.0
Tzo-ABol_061-Ex1-1F-lcwgs-1-1.clmp.fp2_r2_screen	7743.0	682.0	1017.0	634.0	449.0	107.0	77.0	23.0	3.0	0.0	27435.0	1247005.0
Tzo-ABol_062-Ex1-2F-lcwgs-1-1.clmp.fp2_r1_screen	23385.0	1973.0	2720.0	1940.0	1363.0	293.0	272.0	92.0	19.0	0.0	78728.0	4166590.0
Tzo-ABol_062-Ex1-2F-lcwgs-1-1.clmp.fp2_r2_screen	23553.0	2002.0	2783.0	1913.0	1327.0	314.0	286.0	110.0	5.0	0.0	78492.0	4166590.0
Tzo-ABol_063-Ex1-3F-lcwgs-1-1.clmp.fp2_r1_screen	175.0	20.0	158.0	7.0	11.0	0.0	3.0	3.0	0.0	0.0	655.0	30124.0
Tzo-ABol_063-Ex1-3F-lcwgs-1-1.clmp.fp2_r2_screen	175.0	14.0	148.0	8.0	12.0	0.0	5.0	1.0	0.0	0.0	681.0	30112.0
Tzo-ABol_065-Ex1-5F-lcwgs-1-1.clmp.fp2_r1_screen	13198.0	1327.0	1735.0	1180.0	792.0	159.0	172.0	52.0	1.0	0.0	43080.0	2141717.0
Tzo-ABol_065-Ex1-5F-lcwgs-1-1.clmp.fp2_r2_screen	13409.0	1304.0	1696.0	1181.0	783.0	174.0	175.0	57.0	1.0	0.0	42696.0	2141937.0
Tzo-ABol_066-Ex1-6F-lcwgs-1-1.clmp.fp2_r1_screen	14233.0	1754.0	243018.0	1442.0	822.0	180.0	185.0	59.0	0.0	0.0	110879.0	1797328.0
Tzo-ABol_066-Ex1-6F-lcwgs-1-1.clmp.fp2_r2_screen	14516.0	1724.0	242649.0	1477.0	848.0	191.0	208.0	59.0	3.0	0.0	109378.0	1798847.0
Tzo-ABol_067-Ex1-7F-lcwgs-1-1.clmp.fp2_r1_screen	12413.0	1029.0	1556.0	1028.0	732.0	160.0	155.0	56.0	6.0	0.0	37844.0	1901569.0
Tzo-ABol_067-Ex1-7F-lcwgs-1-1.clmp.fp2_r2_screen	12355.0	1011.0	1535.0	1020.0	695.0	147.0	158.0	45.0	2.0	0.0	37620.0	1901960.0
Tzo-ABol_068-Ex1-8F-lcwgs-1-1.clmp.fp2_r1_screen	15592.0	1919.0	1860.0	1269.0	970.0	184.0	185.0	71.0	29.0	0.0	60796.0	2707511.0
Tzo-ABol_068-Ex1-8F-lcwgs-1-1.clmp.fp2_r2_screen	15846.0	1971.0	1924.0	1273.0	911.0	190.0	163.0	65.0	1.0	0.0	60252.0	2707790.0
Tzo-ABol_069-Ex1-9F-lcwgs-1-1.clmp.fp2_r1_screen	24098.0	2537.0	3844.0	2092.0	1433.0	345.0	342.0	109.0	29.0	0.0	82343.0	3329034.0
Tzo-ABol_069-Ex1-9F-lcwgs-1-1.clmp.fp2_r2_screen	24206.0	2582.0	3892.0	2094.0	1395.0	357.0	332.0	104.0	5.0	0.0	81515.0	3329724.0
Tzo-ABol_070-Ex1-10F-lcwgs-1-1.clmp.fp2_r1_screen	7880.0	1070.0	1148.0	772.0	520.0	125.0	115.0	32.0	2.0	0.0	25588.0	1156717.0
Tzo-ABol_070-Ex1-10F-lcwgs-1-1.clmp.fp2_r2_screen	7975.0	1049.0	1100.0	701.0	461.0	121.0	88.0	39.0	1.0	0.0	25598.0	1156836.0
Tzo-ABol_071-Ex1-11F-lcwgs-1-1.clmp.fp2_r1_screen	5369.0	416.0	759.0	471.0	264.0	83.0	70.0	21.0	0.0	0.0	17742.0	731395.0
Tzo-ABol_071-Ex1-11F-lcwgs-1-1.clmp.fp2_r2_screen	5209.0	422.0	740.0	444.0	267.0	85.0	78.0	17.0	0.0	0.0	17555.0	731773.0
Tzo-ABol_072-Ex1-12F-lcwgs-1-1.clmp.fp2_r1_screen	11273.0	772.0	1605.0	985.0	715.0	155.0	184.0	43.0	4.0	0.0	38159.0	1579276.0
Tzo-ABol_072-Ex1-12F-lcwgs-1-1.clmp.fp2_r2_screen	11364.0	801.0	1548.0	997.0	675.0	197.0	157.0	43.0	0.0	0.0	37787.0	1579602.0
Tzo-ABol_073-Ex1-1G-lcwgs-1-1.clmp.fp2_r1_screen	10268.0	1023.0	1161.0	815.0	567.0	148.0	111.0	40.0	6.0	0.0	35413.0	1528532.0
Tzo-ABol_073-Ex1-1G-lcwgs-1-1.clmp.fp2_r2_screen	10270.0	1035.0	1126.0	811.0	530.0	133.0	110.0	40.0	0.0	0.0	35497.0	1528532.0
Tzo-ABol_075-Ex1-3G-lcwgs-1-1.clmp.fp2_r1_screen	30985.0	4487.0	3462.0	2484.0	1769.0	385.0	354.0	145.0	23.0	0.0	116638.0	4893712.0
Tzo-ABol_075-Ex1-3G-lcwgs-1-1.clmp.fp2_r2_screen	31046.0	4504.0	3389.0	2512.0	1709.0	396.0	402.0	144.0	2.0	0.0	115111.0	4895229.0
Tzo-ABol_076-Ex1-4G-lcwgs-1-1.clmp.fp2_r1_screen	19921.0	2356.0	2024.0	1626.0	1076.0	253.0	189.0	83.0	1.0	0.0	73185.0	3509079.0
Tzo-ABol_076-Ex1-4G-lcwgs-1-1.clmp.fp2_r2_screen	20112.0	2312.0	2022.0	1589.0	1058.0	237.0	236.0	94.0	3.0	0.0	72329.0	3509801.0
Tzo-ABol_077-Ex1-5G-lcwgs-1-1.clmp.fp2_r1_screen	8742.0	1103.0	1115.0	757.0	535.0	124.0	128.0	36.0	0.0	0.0	26270.0	1362244.0
Tzo-ABol_077-Ex1-5G-lcwgs-1-1.clmp.fp2_r2_screen	8574.0	1084.0	1119.0	733.0	512.0	100.0	122.0	31.0	2.0	0.0	26112.0	1362665.0
Tzo-ABol_078-Ex1-6G-lcwgs-1-1.clmp.fp2_r1_screen	13900.0	1461.0	2186.0	1213.0	863.0	195.0	189.0	61.0	2.0	0.0	41672.0	2052688.0
Tzo-ABol_078-Ex1-6G-lcwgs-1-1.clmp.fp2_r2_screen	14015.0	1407.0	2234.0	1268.0	875.0	219.0	209.0	60.0	1.0	0.0	41454.0	2052688.0
Tzo-ABol_079-Ex1-7G-lcwgs-1-1.clmp.fp2_r1_screen	11230.0	1252.0	1329.0	954.0	680.0	185.0	158.0	38.0	3.0	0.0	34150.0	1526615.0
Tzo-ABol_079-Ex1-7G-lcwgs-1-1.clmp.fp2_r2_screen	11268.0	1254.0	1298.0	910.0	705.0	202.0	166.0	41.0	1.0	0.0	33976.0	1526773.0
Tzo-ABol_080-Ex1-8G-lcwgs-1-1.clmp.fp2_r1_screen	39779.0	5687.0	5078.0	3520.0	2330.0	650.0	618.0	188.0	42.0	0.0	134686.0	5555990.0
Tzo-ABol_080-Ex1-8G-lcwgs-1-1.clmp.fp2_r2_screen	40342.0	5634.0	5028.0	3453.0	2310.0	650.0	549.0	185.0	7.0	0.0	133270.0	5557140.0
Tzo-ABol_081-Ex1-9G-lcwgs-1-1.clmp.fp2_r1_screen	21156.0	2829.0	2520.0	1895.0	1302.0	286.0	287.0	93.0	22.0	0.0	68551.0	3232400.0
Tzo-ABol_081-Ex1-9G-lcwgs-1-1.clmp.fp2_r2_screen	21223.0	2813.0	2521.0	1816.0	1315.0	336.0	294.0	101.0	2.0	0.0	67854.0	3233066.0
Tzo-ABol_082-Ex1-10G-lcwgs-1-1.clmp.fp2_r1_screen	8083.0	2285.0	789.0	604.0	433.0	88.0	65.0	28.0	5.0	0.0	36828.0	1222311.0
Tzo-ABol_082-Ex1-10G-lcwgs-1-1.clmp.fp2_r2_screen	8062.0	2199.0	828.0	613.0	411.0	79.0	63.0	29.0	1.0	0.0	36542.0	1222692.0
Tzo-ABol_083-Ex1-11G-lcwgs-1-1.clmp.fp2_r1_screen	9360.0	998.0	1115.0	801.0	585.0	118.0	114.0	44.0	1.0	0.0	32449.0	1458862.0
Tzo-ABol_083-Ex1-11G-lcwgs-1-1.clmp.fp2_r2_screen	9553.0	1017.0	1045.0	785.0	593.0	131.0	112.0	49.0	1.0	0.0	31998.0	1459163.0
Tzo-ABol_084-Ex1-12G-lcwgs-1-1.clmp.fp2_r1_screen	15654.0	1202.0	2002.0	1423.0	913.0	227.0	235.0	59.0	3.0	0.0	53607.0	2402441.0
Tzo-ABol_084-Ex1-12G-lcwgs-1-1.clmp.fp2_r2_screen	15859.0	1190.0	1858.0	1320.0	882.0	226.0	240.0	60.0	2.0	0.0	53192.0	2402937.0
Tzo-ABol_085-Ex1-1H-lcwgs-1-1.clmp.fp2_r1_screen	11649.0	1050.0	1321.0	921.0	630.0	164.0	142.0	47.0	13.0	0.0	38486.0	1802988.0
Tzo-ABol_085-Ex1-1H-lcwgs-1-1.clmp.fp2_r2_screen	11657.0	1064.0	1361.0	941.0	636.0	166.0	140.0	50.0	0.0	0.0	38222.0	1803174.0
Tzo-ABol_086-Ex1-2H-lcwgs-1-1.clmp.fp2_r1_screen	6164.0	854.0	688.0	505.0	406.0	66.0	60.0	24.0	2.0	0.0	23333.0	1165732.0
Tzo-ABol_086-Ex1-2H-lcwgs-1-1.clmp.fp2_r2_screen	6175.0	852.0	696.0	493.0	378.0	71.0	56.0	38.0	2.0	0.0	23222.0	1165851.0
Tzo-ABol_087-Ex1-3H-lcwgs-1-1.clmp.fp2_r1_screen	12889.0	1205.0	1404.0	982.0	704.0	162.0	192.0	53.0	5.0	0.0	45781.0	1987647.0
Tzo-ABol_087-Ex1-3H-lcwgs-1-1.clmp.fp2_r2_screen	13080.0	1198.0	1361.0	995.0	683.0	162.0	146.0	57.0	1.0	0.0	45284.0	1988057.0
Tzo-ABol_088-Ex1-4H-lcwgs-1-1.clmp.fp2_r1_screen	6750.0	1211.0	733.0	556.0	359.0	95.0	89.0	20.0	2.0	0.0	27082.0	1020315.0
Tzo-ABol_088-Ex1-4H-lcwgs-1-1.clmp.fp2_r2_screen	6870.0	1168.0	751.0	552.0	370.0	97.0	89.0	34.0	3.0	0.0	26752.0	1020526.0
Tzo-ABol_090-Ex1-6H-lcwgs-1-1.clmp.fp2_r1_screen	1526.0	167.0	364.0	120.0	87.0	11.0	17.0	8.0	1.0	0.0	6706.0	266413.0
Tzo-ABol_090-Ex1-6H-lcwgs-1-1.clmp.fp2_r2_screen	1547.0	149.0	331.0	115.0	81.0	18.0	13.0	7.0	0.0	0.0	6691.0	266468.0
Tzo-ABol_091-Ex1-7H-lcwgs-1-1.clmp.fp2_r1_screen	7520.0	683.0	879.0	641.0	419.0	107.0	98.0	25.0	4.0	0.0	23889.0	1193863.0
Tzo-ABol_091-Ex1-7H-lcwgs-1-1.clmp.fp2_r2_screen	7655.0	669.0	914.0	603.0	412.0	95.0	97.0	22.0	2.0	0.0	23796.0	1193863.0
Tzo-ABol_092-Ex1-8H-lcwgs-1-1.clmp.fp2_r1_screen	7988.0	907.0	943.0	670.0	423.0	111.0	101.0	33.0	9.0	0.0	27609.0	1322390.0
Tzo-ABol_092-Ex1-8H-lcwgs-1-1.clmp.fp2_r2_screen	8057.0	923.0	960.0	605.0	456.0	117.0	102.0	41.0	1.0	0.0	27396.0	1322526.0
Tzo-ABol_093-Ex1-9H-lcwgs-1-1.clmp.fp2_r1_screen	4489.0	523.0	522.0	342.0	247.0	58.0	69.0	16.0	3.0	0.0	15545.0	675112.0
Tzo-ABol_093-Ex1-9H-lcwgs-1-1.clmp.fp2_r2_screen	4525.0	523.0	561.0	356.0	232.0	60.0	69.0	13.0	0.0	0.0	15475.0	675112.0
Tzo-ABol_095-Ex1-11H-lcwgs-1-1.clmp.fp2_r1_screen	3285.0	283.0	408.0	311.0	200.0	40.0	41.0	20.0	0.0	0.0	11533.0	508985.0
Tzo-ABol_095-Ex1-11H-lcwgs-1-1.clmp.fp2_r2_screen	3409.0	272.0	403.0	276.0	200.0	33.0	45.0	27.0	0.0	0.0	11456.0	508985.0
Tzo-ABol_096-Ex1-12H-lcwgs-1-1.clmp.fp2_r1_screen	5227.0	433.0	557.0	381.0	296.0	69.0	68.0	23.0	1.0	0.0	18806.0	827636.0
Tzo-ABol_096-Ex1-12H-lcwgs-1-1.clmp.fp2_r2_screen	5257.0	442.0	535.0	449.0	297.0	84.0	62.0	21.0	2.0	0.0	18627.0	827721.0
Tzo-AMta_001-Ex1-5D-lcwgs-1-1.clmp.fp2_r1_screen	13193.0	1674.0	1263.0	1081.0	735.0	143.0	125.0	58.0	2.0	0.0	57922.0	2365963.0
Tzo-AMta_001-Ex1-5D-lcwgs-1-1.clmp.fp2_r2_screen	13192.0	1657.0	1325.0	1138.0	741.0	150.0	101.0	57.0	2.0	0.0	57344.0	2366452.0
Tzo-AMta_002-Ex1-5E-lcwgs-1-1.clmp.fp2_r1_screen	33216.0	9601.0	3397.0	2692.0	1568.0	349.0	307.0	160.0	5.0	0.0	160009.0	5220651.0
Tzo-AMta_002-Ex1-5E-lcwgs-1-1.clmp.fp2_r2_screen	33532.0	9346.0	3446.0	2624.0	1517.0	373.0	273.0	130.0	8.0	0.0	158425.0	5222281.0
Tzo-AMta_003-Ex1-5F-lcwgs-1-1.clmp.fp2_r1_screen	42362.0	18301.0	4550.0	3212.0	2222.0	374.0	296.0	163.0	7.0	0.0	267240.0	7256033.0
Tzo-AMta_003-Ex1-5F-lcwgs-1-1.clmp.fp2_r2_screen	42916.0	17906.0	4465.0	3217.0	2193.0	382.0	313.0	155.0	4.0	0.0	264138.0	7259071.0
Tzo-AMta_004-Ex1-5G-lcwgs-1-1.clmp.fp2_r1_screen	25595.0	10491.0	2964.0	2022.0	1410.0	278.0	209.0	150.0	4.0	0.0	134230.0	4323985.0
Tzo-AMta_004-Ex1-5G-lcwgs-1-1.clmp.fp2_r2_screen	25520.0	10422.0	2918.0	2038.0	1424.0	289.0	219.0	148.0	4.0	0.0	132571.0	4325785.0
Tzo-AMta_005-Ex1-5H-lcwgs-1-1.clmp.fp2_r1_screen	32632.0	4860.0	3830.0	2671.0	1564.0	396.0	287.0	152.0	5.0	0.0	135199.0	5338027.0
Tzo-AMta_005-Ex1-5H-lcwgs-1-1.clmp.fp2_r2_screen	32953.0	4752.0	3746.0	2583.0	1572.0	377.0	293.0	172.0	4.0	0.0	134592.0	5338579.0
Tzo-AMta_006-Ex1-1B-lcwgs-2-1.clmp.fp2_r1_screen	4549.0	510.0	381.0	385.0	203.0	51.0	22.0	29.0	1.0	0.0	18370.0	657974.0
Tzo-AMta_006-Ex1-1B-lcwgs-2-1.clmp.fp2_r2_screen	4684.0	531.0	390.0	319.0	240.0	54.0	32.0	30.0	0.0	0.0	18085.0	658110.0
Tzo-AMta_006-Ex1-6A-lcwgs-1-1.clmp.fp2_r1_screen	7239.0	1877.0	718.0	605.0	381.0	81.0	82.0	37.0	0.0	0.0	31231.0	1472109.0
Tzo-AMta_006-Ex1-6A-lcwgs-1-1.clmp.fp2_r2_screen	7362.0	1907.0	714.0	623.0	391.0	84.0	63.0	47.0	4.0	0.0	30905.0	1472260.0
Tzo-AMta_007-Ex1-6B-lcwgs-1-1.clmp.fp2_r1_screen	27316.0	4778.0	3358.0	2158.0	1501.0	269.0	204.0	333.0	1.0	0.0	115851.0	5071348.0
Tzo-AMta_007-Ex1-6B-lcwgs-1-1.clmp.fp2_r2_screen	27224.0	4778.0	3287.0	2149.0	1397.0	271.0	205.0	320.0	9.0	0.0	114560.0	5072917.0
Tzo-AMta_008-Ex1-6C-lcwgs-1-1.clmp.fp2_r1_screen	25677.0	5232.0	3774.0	2016.0	1409.0	269.0	225.0	97.0	0.0	0.0	100476.0	5034594.0
Tzo-AMta_008-Ex1-6C-lcwgs-1-1.clmp.fp2_r2_screen	25604.0	5157.0	3799.0	2020.0	1391.0	286.0	228.0	118.0	11.0	0.0	100044.0	5035111.0
Tzo-AMta_009-Ex1-6D-lcwgs-1-1.clmp.fp2_r1_screen	28561.0	4042.0	2885.0	2337.0	1574.0	324.0	290.0	143.0	2.0	0.0	117063.0	5245545.0
Tzo-AMta_009-Ex1-6D-lcwgs-1-1.clmp.fp2_r2_screen	28481.0	3996.0	3004.0	2370.0	1537.0	362.0	272.0	120.0	4.0	0.0	116535.0	5246085.0
Tzo-AMta_010-Ex1-6E-lcwgs-1-1.clmp.fp2_r1_screen	29024.0	2986.0	2837.0	2208.0	1528.0	327.0	274.0	123.0	0.0	0.0	110063.0	5342142.0
Tzo-AMta_010-Ex1-6E-lcwgs-1-1.clmp.fp2_r2_screen	28717.0	2925.0	2868.0	2242.0	1454.0	353.0	300.0	142.0	6.0	0.0	109264.0	5343241.0
Tzo-AMta_011-Ex1-6F-lcwgs-1-1.clmp.fp2_r1_screen	317.0	52.0	18.0	25.0	19.0	5.0	6.0	4.0	0.0	0.0	1345.0	60797.0
Tzo-AMta_011-Ex1-6F-lcwgs-1-1.clmp.fp2_r2_screen	296.0	49.0	34.0	22.0	17.0	3.0	6.0	3.0	0.0	0.0	1323.0	60835.0
Tzo-AMta_012-Ex1-6G-lcwgs-1-1.clmp.fp2_r1_screen	20447.0	2173.0	2109.0	1684.0	1165.0	214.0	181.0	109.0	0.0	0.0	89794.0	3636135.0
Tzo-AMta_012-Ex1-6G-lcwgs-1-1.clmp.fp2_r2_screen	20479.0	2222.0	2180.0	1571.0	1112.0	231.0	199.0	126.0	4.0	0.0	89002.0	3636885.0
Tzo-AMta_013-Ex1-6H-lcwgs-1-1.clmp.fp2_r1_screen	20986.0	2706.0	2165.0	1762.0	1153.0	245.0	198.0	113.0	0.0	0.0	76636.0	3761314.0
Tzo-AMta_013-Ex1-6H-lcwgs-1-1.clmp.fp2_r2_screen	21130.0	2757.0	2230.0	1740.0	1148.0	247.0	221.0	111.0	5.0	0.0	75988.0	3761701.0
Tzo-AMta_014-Ex1-7A-lcwgs-1-1.clmp.fp2_r1_screen	15921.0	3107.0	1821.0	1368.0	910.0	229.0	180.0	90.0	11.0	0.0	60053.0	3198254.0
Tzo-AMta_014-Ex1-7A-lcwgs-1-1.clmp.fp2_r2_screen	16088.0	3043.0	1818.0	1334.0	925.0	206.0	177.0	77.0	1.0	0.0	60021.0	3198254.0
Tzo-AMta_015-Ex1-7B-lcwgs-1-1.clmp.fp2_r1_screen	32799.0	3776.0	3867.0	2654.0	1880.0	489.0	405.0	127.0	27.0	0.0	110182.0	6017935.0
Tzo-AMta_015-Ex1-7B-lcwgs-1-1.clmp.fp2_r2_screen	32978.0	3701.0	3724.0	2792.0	1869.0	460.0	419.0	141.0	9.0	0.0	109496.0	6018552.0
Tzo-AMta_016-Ex1-7C-lcwgs-1-1.clmp.fp2_r1_screen	18617.0	4223.0	2033.0	1504.0	1028.0	196.0	187.0	83.0	15.0	0.0	77877.0	3605192.0
Tzo-AMta_016-Ex1-7C-lcwgs-1-1.clmp.fp2_r2_screen	18725.0	4179.0	2021.0	1483.0	1016.0	193.0	171.0	73.0	6.0	0.0	77154.0	3605934.0
Tzo-AMta_017-Ex1-7D-lcwgs-1-1.clmp.fp2_r1_screen	27872.0	6879.0	3037.0	2240.0	1430.0	313.0	217.0	115.0	29.0	0.0	113354.0	5062161.0
Tzo-AMta_017-Ex1-7D-lcwgs-1-1.clmp.fp2_r2_screen	27954.0	6827.0	3056.0	2195.0	1404.0	277.0	212.0	104.0	6.0	0.0	112408.0	5063204.0
Tzo-AMta_018-Ex1-7E-lcwgs-1-1.clmp.fp2_r1_screen	19667.0	2782.0	2290.0	1736.0	1047.0	242.0	224.0	87.0	13.0	0.0	66762.0	3539242.0
Tzo-AMta_018-Ex1-7E-lcwgs-1-1.clmp.fp2_r2_screen	19934.0	2766.0	2286.0	1702.0	981.0	248.0	225.0	71.0	2.0	0.0	66272.0	3539605.0
Tzo-AMta_019-Ex1-7F-lcwgs-1-1.clmp.fp2_r1_screen	19210.0	4009.0	2468.0	1640.0	1055.0	257.0	219.0	89.0	15.0	0.0	63749.0	3500728.0
Tzo-AMta_019-Ex1-7F-lcwgs-1-1.clmp.fp2_r2_screen	19186.0	4004.0	2461.0	1598.0	1045.0	247.0	224.0	80.0	3.0	0.0	63504.0	3501087.0
Tzo-AMta_020-Ex1-7G-lcwgs-1-1.clmp.fp2_r1_screen	22535.0	3209.0	2346.0	1747.0	1143.0	245.0	213.0	111.0	20.0	0.0	83647.0	4282328.0
Tzo-AMta_020-Ex1-7G-lcwgs-1-1.clmp.fp2_r2_screen	22264.0	3170.0	2463.0	1800.0	1190.0	246.0	233.0	106.0	0.0	0.0	83304.0	4282768.0
Tzo-AMta_021-Ex1-7H-lcwgs-1-1.clmp.fp2_r1_screen	13400.0	1583.0	1566.0	1169.0	761.0	171.0	154.0	50.0	10.0	1.0	46243.0	2815760.0
Tzo-AMta_021-Ex1-7H-lcwgs-1-1.clmp.fp2_r2_screen	13343.0	1518.0	1539.0	1183.0	775.0	177.0	145.0	55.0	5.0	0.0	46368.0	2815760.0
Tzo-AMta_022-Ex1-8A-lcwgs-1-1.clmp.fp2_r1_screen	27926.0	4084.0	3071.0	2282.0	1538.0	368.0	342.0	151.0	5.0	0.0	104473.0	5361099.0
Tzo-AMta_022-Ex1-8A-lcwgs-1-1.clmp.fp2_r2_screen	28020.0	4129.0	3108.0	2359.0	1511.0	311.0	298.0	124.0	1.0	0.0	103829.0	5361649.0
Tzo-AMta_023-Ex1-8B-lcwgs-1-1.clmp.fp2_r1_screen	24234.0	2584.0	4791.0	2007.0	1344.0	323.0	305.0	102.0	3.0	0.0	76122.0	3999000.0
Tzo-AMta_023-Ex1-8B-lcwgs-1-1.clmp.fp2_r2_screen	24521.0	2670.0	4764.0	2031.0	1319.0	325.0	294.0	85.0	4.0	0.0	75391.0	3999411.0
Tzo-AMta_024-Ex1-8C-lcwgs-1-1.clmp.fp2_r1_screen	21052.0	3366.0	2698.0	1660.0	1012.0	269.0	203.0	78.0	2.0	0.0	77161.0	3548969.0
Tzo-AMta_024-Ex1-8C-lcwgs-1-1.clmp.fp2_r2_screen	21035.0	3340.0	2776.0	1626.0	991.0	286.0	212.0	76.0	8.0	0.0	76785.0	3549335.0
Tzo-AMta_025-Ex1-1E-lcwgs-2-1.clmp.fp2_r1_screen	11225.0	8960.0	1455.0	938.0	559.0	108.0	111.0	39.0	5.0	0.0	42087.0	2154382.0
Tzo-AMta_025-Ex1-1E-lcwgs-2-1.clmp.fp2_r2_screen	11377.0	8856.0	1351.0	987.0	588.0	93.0	100.0	60.0	1.0	0.0	41630.0	2154826.0
Tzo-AMta_025-Ex1-8D-lcwgs-1-1.clmp.fp2_r1_screen	13006.0	1553.0	1210.0	1064.0	815.0	129.0	107.0	99.0	0.0	0.0	52977.0	2606758.0
Tzo-AMta_025-Ex1-8D-lcwgs-1-1.clmp.fp2_r2_screen	13009.0	1474.0	1200.0	1011.0	786.0	115.0	95.0	97.0	2.0	0.0	52368.0	2607561.0
Tzo-AMta_026-Ex1-8E-lcwgs-1-1.clmp.fp2_r1_screen	21618.0	2788.0	2125.0	1617.0	1028.0	251.0	182.0	93.0	3.0	0.0	72768.0	3544239.0
Tzo-AMta_026-Ex1-8E-lcwgs-1-1.clmp.fp2_r2_screen	21558.0	2770.0	2123.0	1672.0	1026.0	236.0	194.0	90.0	3.0	0.0	72436.0	3544604.0
Tzo-AMta_027-Ex1-1C-lcwgs-2-1.clmp.fp2_r1_screen	2622.0	439.0	232.0	176.0	115.0	23.0	21.0	11.0	0.0	0.0	9768.0	410839.0
Tzo-AMta_027-Ex1-1C-lcwgs-2-1.clmp.fp2_r2_screen	2722.0	415.0	230.0	212.0	112.0	25.0	17.0	7.0	2.0	0.0	9707.0	410797.0
Tzo-AMta_027-Ex1-8F-lcwgs-1-1.clmp.fp2_r1_screen	3263.0	918.0	320.0	244.0	154.0	31.0	29.0	11.0	0.0	0.0	12748.0	714393.0
Tzo-AMta_027-Ex1-8F-lcwgs-1-1.clmp.fp2_r2_screen	3274.0	885.0	338.0	287.0	153.0	25.0	26.0	7.0	0.0	0.0	12503.0	714613.0
Tzo-AMta_028-Ex1-8G-lcwgs-1-1.clmp.fp2_r1_screen	13406.0	2703.0	1258.0	1035.0	701.0	134.0	106.0	84.0	2.0	0.0	55098.0	2748456.0
Tzo-AMta_028-Ex1-8G-lcwgs-1-1.clmp.fp2_r2_screen	13404.0	2624.0	1284.0	1038.0	719.0	115.0	115.0	84.0	2.0	0.0	54295.0	2749303.0
Tzo-AMta_029-Ex1-8H-lcwgs-1-1.clmp.fp2_r1_screen	11589.0	2580.0	1182.0	947.0	590.0	114.0	94.0	57.0	1.0	0.0	42570.0	2460248.0
Tzo-AMta_029-Ex1-8H-lcwgs-1-1.clmp.fp2_r2_screen	11624.0	2610.0	1183.0	955.0	588.0	92.0	88.0	53.0	3.0	0.0	42024.0	2460752.0
Tzo-AMta_030-Ex1-9A-lcwgs-1-1.clmp.fp2_r1_screen	1555.0	475.0	185.0	146.0	78.0	15.0	14.0	7.0	1.0	0.0	6172.0	375698.0
Tzo-AMta_030-Ex1-9A-lcwgs-1-1.clmp.fp2_r2_screen	1618.0	477.0	193.0	145.0	81.0	19.0	17.0	6.0	0.0	0.0	6131.0	375659.0
Tzo-AMta_031-Ex1-9B-lcwgs-1-1.clmp.fp2_r1_screen	27745.0	7584.0	3119.0	2342.0	1556.0	375.0	298.0	137.0	20.0	0.0	98827.0	4965984.0
Tzo-AMta_031-Ex1-9B-lcwgs-1-1.clmp.fp2_r2_screen	28120.0	7607.0	3111.0	2395.0	1508.0	332.0	284.0	135.0	5.0	0.0	97995.0	4966495.0
Tzo-AMvi_001-Ex1-1A-lcwgs-1-1.clmp.fp2_r1_screen	1312.0	146.0	213.0	105.0	71.0	22.0	19.0	3.0	0.0	0.0	4789.0	171449.0
Tzo-AMvi_001-Ex1-1A-lcwgs-1-1.clmp.fp2_r2_screen	1351.0	163.0	216.0	115.0	69.0	15.0	17.0	0.0	0.0	0.0	4752.0	171431.0
Tzo-AMvi_002-Ex1-1E-lcwgs-1-1.clmp.fp2_r1_screen	1270.0	624.0	693.0	145.0	52.0	27.0	20.0	7.0	0.0	0.0	4521.0	182787.0
Tzo-AMvi_002-Ex1-1E-lcwgs-1-1.clmp.fp2_r2_screen	1276.0	597.0	696.0	149.0	56.0	17.0	16.0	6.0	1.0	0.0	4450.0	182882.0
Tzo-AMvi_003-Ex1-2A-lcwgs-1-1.clmp.fp2_r1_screen	4733.0	935.0	2757.0	467.0	290.0	70.0	95.0	25.0	0.0	0.0	14194.0	573018.0
Tzo-AMvi_003-Ex1-2A-lcwgs-1-1.clmp.fp2_r2_screen	4821.0	891.0	2680.0	458.0	280.0	91.0	76.0	25.0	0.0	0.0	14303.0	572959.0
Tzo-AMvi_004-Ex1-2E-lcwgs-1-1.clmp.fp2_r1_screen	602.0	132.0	98.0	59.0	39.0	11.0	10.0	4.0	0.0	0.0	1858.0	78704.0
Tzo-AMvi_004-Ex1-2E-lcwgs-1-1.clmp.fp2_r2_screen	631.0	124.0	100.0	41.0	35.0	7.0	10.0	2.0	1.0	0.0	1886.0	78680.0
Tzo-AMvi_005-Ex1-3A-lcwgs-1-1.clmp.fp2_r1_screen	11495.0	1749.0	2390.0	1013.0	652.0	168.0	150.0	65.0	1.0	0.0	38483.0	1595751.0
Tzo-AMvi_005-Ex1-3A-lcwgs-1-1.clmp.fp2_r2_screen	11691.0	1755.0	2320.0	1015.0	671.0	190.0	166.0	61.0	0.0	0.0	38297.0	1595751.0
Tzo-AMvi_006-Ex1-1A-lcwgs-2-1.clmp.fp2_r1_screen	27207.0	212476.0	11626.0	1245.0	344.0	104.0	98.0	118.0	7.0	0.0	258950.0	1320949.0
Tzo-AMvi_006-Ex1-1A-lcwgs-2-1.clmp.fp2_r2_screen	27113.0	206530.0	11737.0	1239.0	337.0	113.0	79.0	131.0	1.0	0.0	245648.0	1340196.0
Tzo-AMvi_007-Ex1-4A-lcwgs-1-1.clmp.fp2_r1_screen	442.0	71.0	56.0	30.0	25.0	4.0	4.0	1.0	1.0	0.0	1265.0	56695.0
Tzo-AMvi_007-Ex1-4A-lcwgs-1-1.clmp.fp2_r2_screen	439.0	67.0	58.0	39.0	23.0	5.0	10.0	3.0	0.0	0.0	1284.0	56666.0
Tzo-AMvi_008-Ex1-1B-lcwgs-2-1.clmp.fp2_r1_screen	7768.0	22128.0	6474.0	775.0	473.0	123.0	138.0	47.0	5.0	0.0	42056.0	1034027.0
Tzo-AMvi_008-Ex1-1B-lcwgs-2-1.clmp.fp2_r2_screen	7920.0	21665.0	6474.0	750.0	461.0	103.0	96.0	56.0	1.0	0.0	40678.0	1035810.0
Tzo-AMvi_009-Ex1-5A-lcwgs-1-1.clmp.fp2_r1_screen	343.0	40.0	69.0	40.0	15.0	10.0	4.0	3.0	0.0	0.0	980.0	43110.0
Tzo-AMvi_009-Ex1-5A-lcwgs-1-1.clmp.fp2_r2_screen	333.0	43.0	67.0	37.0	11.0	6.0	8.0	6.0	0.0	0.0	1002.0	43101.0
Tzo-AMvi_010-Ex1-5E-lcwgs-1-1.clmp.fp2_r1_screen	239.0	92.0	81.0	17.0	10.0	3.0	8.0	1.0	0.0	0.0	923.0	35067.0
Tzo-AMvi_010-Ex1-5E-lcwgs-1-1.clmp.fp2_r2_screen	246.0	84.0	82.0	25.0	9.0	4.0	4.0	1.0	0.0	0.0	887.0	35099.0
Tzo-AMvi_011-Ex1-6A-lcwgs-1-1.clmp.fp2_r1_screen	125.0	24.0	147.0	10.0	7.0	1.0	2.0	0.0	0.0	0.0	413.0	16658.0
Tzo-AMvi_011-Ex1-6A-lcwgs-1-1.clmp.fp2_r2_screen	135.0	27.0	140.0	19.0	9.0	2.0	2.0	1.0	0.0	0.0	415.0	16637.0
Tzo-AMvi_012-Ex1-6E-lcwgs-1-1.clmp.fp2_r1_screen	1168.0	98.0	210.0	109.0	70.0	18.0	17.0	3.0	0.0	0.0	3935.0	146048.0
Tzo-AMvi_012-Ex1-6E-lcwgs-1-1.clmp.fp2_r2_screen	1272.0	94.0	201.0	89.0	64.0	18.0	19.0	5.0	0.0	0.0	3866.0	146048.0
Tzo-AMvi_013-Ex1-1B-lcwgs-1-1.clmp.fp2_r1_screen	672.0	80.0	94.0	64.0	31.0	8.0	6.0	2.0	0.0	0.0	2332.0	93149.0
Tzo-AMvi_013-Ex1-1B-lcwgs-1-1.clmp.fp2_r2_screen	658.0	86.0	92.0	56.0	28.0	13.0	10.0	0.0	0.0	0.0	2307.0	93188.0
Tzo-AMvi_014-Ex1-1C-lcwgs-2-1.clmp.fp2_r1_screen	65.0	39.0	5.0	2.0	2.0	1.0	0.0	0.0	0.0	0.0	235.0	7155.0
Tzo-AMvi_014-Ex1-1C-lcwgs-2-1.clmp.fp2_r2_screen	60.0	42.0	7.0	0.0	4.0	1.0	0.0	1.0	0.0	0.0	247.0	7142.0
Tzo-AMvi_015-Ex1-2B-lcwgs-1-1.clmp.fp2_r1_screen	2029.0	424.0	337.0	192.0	130.0	35.0	28.0	12.0	0.0	0.0	6583.0	285390.0
Tzo-AMvi_015-Ex1-2B-lcwgs-1-1.clmp.fp2_r2_screen	2153.0	399.0	325.0	195.0	118.0	24.0	30.0	7.0	0.0	0.0	6519.0	285390.0
Tzo-AMvi_016-Ex1-2F-lcwgs-1-1.clmp.fp2_r1_screen	255.0	116.0	49.0	24.0	15.0	6.0	4.0	1.0	1.0	0.0	947.0	31783.0
Tzo-AMvi_016-Ex1-2F-lcwgs-1-1.clmp.fp2_r2_screen	248.0	115.0	42.0	28.0	8.0	1.0	2.0	1.0	0.0	0.0	953.0	31803.0
Tzo-AMvi_017-Ex1-3B-lcwgs-1-1.clmp.fp2_r1_screen	419.0	169.0	75.0	33.0	21.0	3.0	3.0	2.0	0.0	0.0	1437.0	53827.0
Tzo-AMvi_017-Ex1-3B-lcwgs-1-1.clmp.fp2_r2_screen	430.0	165.0	82.0	33.0	13.0	7.0	4.0	0.0	1.0	0.0	1438.0	53816.0
Tzo-AMvi_018-Ex1-3F-lcwgs-1-1.clmp.fp2_r1_screen	229.0	179.0	66.0	31.0	10.0	3.0	3.0	1.0	0.0	0.0	1065.0	31267.0
Tzo-AMvi_018-Ex1-3F-lcwgs-1-1.clmp.fp2_r2_screen	198.0	158.0	64.0	27.0	8.0	1.0	2.0	0.0	0.0	0.0	1070.0	31326.0
Tzo-AMvi_019-Ex1-1D-lcwgs-2-1.clmp.fp2_r1_screen	49.0	20.0	5.0	0.0	0.0	0.0	0.0	1.0	0.0	0.0	194.0	5996.0
Tzo-AMvi_019-Ex1-1D-lcwgs-2-1.clmp.fp2_r2_screen	44.0	26.0	8.0	1.0	5.0	0.0	0.0	2.0	0.0	0.0	198.0	5981.0
Tzo-AMvi_020-Ex1-4F-lcwgs-1-1.clmp.fp2_r1_screen	228.0	105.0	30.0	30.0	18.0	3.0	1.0	0.0	0.0	0.0	963.0	33843.0
Tzo-AMvi_020-Ex1-4F-lcwgs-1-1.clmp.fp2_r2_screen	241.0	101.0	38.0	25.0	18.0	3.0	3.0	0.0	0.0	0.0	935.0	33857.0
Tzo-AMvi_021-Ex1-1E-lcwgs-2-1.clmp.fp2_r1_screen	19893.0	71971.0	11375.0	1950.0	959.0	204.0	214.0	97.0	10.0	0.0	103933.0	2190824.0
Tzo-AMvi_021-Ex1-1E-lcwgs-2-1.clmp.fp2_r2_screen	20035.0	69848.0	11331.0	1897.0	900.0	203.0	209.0	81.0	3.0	0.0	99135.0	2197788.0
Tzo-AMvi_022-Ex1-5F-lcwgs-1-1.clmp.fp2_r1_screen	678.0	355.0	145.0	69.0	43.0	11.0	10.0	4.0	0.0	0.0	2697.0	96780.0
Tzo-AMvi_022-Ex1-5F-lcwgs-1-1.clmp.fp2_r2_screen	667.0	353.0	152.0	71.0	52.0	9.0	11.0	2.0	0.0	0.0	2715.0	96760.0
Tzo-AMvi_023-Ex1-6B-lcwgs-1-1.clmp.fp2_r1_screen	115.0	23.0	87.0	10.0	6.0	2.0	2.0	2.0	0.0	0.0	420.0	14838.0
Tzo-AMvi_023-Ex1-6B-lcwgs-1-1.clmp.fp2_r2_screen	120.0	26.0	89.0	10.0	9.0	1.0	2.0	0.0	0.0	0.0	407.0	14841.0
Tzo-AMvi_024-Ex1-6F-lcwgs-1-1.clmp.fp2_r1_screen	1001.0	210.0	404.0	79.0	76.0	19.0	8.0	5.0	0.0	0.0	3460.0	125611.0
Tzo-AMvi_024-Ex1-6F-lcwgs-1-1.clmp.fp2_r2_screen	1006.0	191.0	410.0	95.0	56.0	11.0	19.0	5.0	0.0	0.0	3469.0	125611.0
Tzo-AMvi_025-Ex1-1C-lcwgs-1-1.clmp.fp2_r1_screen	1881.0	252.0	248.0	185.0	103.0	33.0	29.0	8.0	0.0	0.0	5832.0	249568.0
Tzo-AMvi_025-Ex1-1C-lcwgs-1-1.clmp.fp2_r2_screen	1909.0	224.0	262.0	187.0	96.0	29.0	35.0	14.0	0.0	0.0	5815.0	249568.0
Tzo-AMvi_026-Ex1-1G-lcwgs-1-1.clmp.fp2_r1_screen	1020.0	473.0	622.0	94.0	59.0	14.0	16.0	4.0	0.0	0.0	3715.0	152315.0
Tzo-AMvi_026-Ex1-1G-lcwgs-1-1.clmp.fp2_r2_screen	1057.0	460.0	594.0	89.0	51.0	16.0	10.0	7.0	0.0	0.0	3765.0	152283.0
Tzo-AMvi_027-Ex1-2C-lcwgs-1-1.clmp.fp2_r1_screen	1414.0	216.0	287.0	113.0	70.0	18.0	22.0	4.0	0.0	0.0	4681.0	193307.0
Tzo-AMvi_027-Ex1-2C-lcwgs-1-1.clmp.fp2_r2_screen	1466.0	209.0	263.0	120.0	71.0	16.0	28.0	11.0	0.0	0.0	4661.0	193287.0
Tzo-AMvi_028-Ex1-2G-lcwgs-1-1.clmp.fp2_r1_screen	1095.0	133.0	144.0	117.0	79.0	20.0	14.0	5.0	0.0	0.0	3476.0	140538.0
Tzo-AMvi_028-Ex1-2G-lcwgs-1-1.clmp.fp2_r2_screen	1119.0	140.0	148.0	93.0	70.0	15.0	12.0	2.0	0.0	0.0	3498.0	140524.0
Tzo-AMvi_029-Ex1-3C-lcwgs-1-1.clmp.fp2_r1_screen	87.0	18.0	11.0	4.0	4.0	2.0	1.0	2.0	0.0	0.0	298.0	12180.0
Tzo-AMvi_029-Ex1-3C-lcwgs-1-1.clmp.fp2_r2_screen	109.0	18.0	10.0	10.0	2.0	1.0	1.0	1.0	0.0	0.0	285.0	12170.0
Tzo-AMvi_030-Ex1-3G-lcwgs-1-1.clmp.fp2_r1_screen	1393.0	328.0	275.0	138.0	87.0	20.0	15.0	8.0	0.0	0.0	4726.0	192132.0
Tzo-AMvi_030-Ex1-3G-lcwgs-1-1.clmp.fp2_r2_screen	1443.0	320.0	275.0	128.0	79.0	25.0	17.0	6.0	0.0	0.0	4717.0	192112.0
Tzo-AMvi_031-Ex1-4C-lcwgs-1-1.clmp.fp2_r1_screen	224.0	23.0	25.0	15.0	5.0	0.0	2.0	0.0	0.0	0.0	579.0	26228.0
Tzo-AMvi_031-Ex1-4C-lcwgs-1-1.clmp.fp2_r2_screen	201.0	23.0	23.0	19.0	11.0	2.0	1.0	2.0	0.0	0.0	599.0	26220.0
Tzo-AMvi_032-Ex1-4G-lcwgs-1-1.clmp.fp2_r1_screen	861.0	1154.0	209.0	118.0	56.0	17.0	7.0	11.0	1.0	0.0	3043.0	122481.0
Tzo-AMvi_032-Ex1-4G-lcwgs-1-1.clmp.fp2_r2_screen	894.0	1131.0	222.0	146.0	55.0	12.0	11.0	20.0	0.0	0.0	2999.0	122468.0
Tzo-AMvi_033-Ex1-5C-lcwgs-1-1.clmp.fp2_r1_screen	680.0	465.0	236.0	81.0	56.0	14.0	7.0	7.0	0.0	0.0	2595.0	105969.0
Tzo-AMvi_033-Ex1-5C-lcwgs-1-1.clmp.fp2_r2_screen	742.0	462.0	237.0	85.0	53.0	12.0	13.0	3.0	0.0	0.0	2611.0	105892.0
Tzo-AMvi_034-Ex1-5G-lcwgs-1-1.clmp.fp2_r1_screen	2799.0	2992.0	933.0	248.0	147.0	37.0	36.0	20.0	1.0	0.0	8889.0	363655.0
Tzo-AMvi_034-Ex1-5G-lcwgs-1-1.clmp.fp2_r2_screen	2762.0	2977.0	941.0	296.0	133.0	43.0	44.0	20.0	0.0	0.0	8848.0	363693.0
Tzo-AMvi_035-Ex1-6C-lcwgs-1-1.clmp.fp2_r1_screen	402.0	91.0	90.0	41.0	14.0	8.0	3.0	2.0	0.0	0.0	1397.0	50180.0
Tzo-AMvi_035-Ex1-6C-lcwgs-1-1.clmp.fp2_r2_screen	365.0	104.0	101.0	40.0	22.0	10.0	2.0	0.0	0.0	0.0	1362.0	50222.0
Tzo-AMvi_036-Ex1-6G-lcwgs-1-1.clmp.fp2_r1_screen	561.0	1163.0	246.0	92.0	33.0	7.0	8.0	6.0	0.0	0.0	2323.0	77748.0
Tzo-AMvi_036-Ex1-6G-lcwgs-1-1.clmp.fp2_r2_screen	621.0	1130.0	238.0	93.0	37.0	5.0	6.0	8.0	0.0	0.0	2260.0	77789.0
Tzo-AMvi_037-Ex1-1D-lcwgs-1-1.clmp.fp2_r1_screen	105.0	11.0	6.0	11.0	4.0	2.0	0.0	1.0	0.0	0.0	341.0	13851.0
Tzo-AMvi_037-Ex1-1D-lcwgs-1-1.clmp.fp2_r2_screen	96.0	14.0	16.0	10.0	2.0	0.0	2.0	2.0	0.0	0.0	352.0	13838.0
Tzo-AMvi_038-Ex1-1H-lcwgs-1-1.clmp.fp2_r1_screen	653.0	181.0	171.0	63.0	37.0	9.0	8.0	7.0	0.0	0.0	2324.0	77583.0
Tzo-AMvi_038-Ex1-1H-lcwgs-1-1.clmp.fp2_r2_screen	602.0	199.0	169.0	70.0	32.0	7.0	18.0	9.0	0.0	0.0	2322.0	77608.0
Tzo-AMvi_039-Ex1-2D-lcwgs-1-1.clmp.fp2_r1_screen	177.0	43.0	26.0	19.0	10.0	2.0	2.0	1.0	0.0	0.0	646.0	25207.0
Tzo-AMvi_039-Ex1-2D-lcwgs-1-1.clmp.fp2_r2_screen	187.0	38.0	37.0	26.0	11.0	4.0	5.0	3.0	0.0	0.0	630.0	25192.0
Tzo-AMvi_040-Ex1-2H-lcwgs-1-1.clmp.fp2_r1_screen	279.0	39.0	38.0	28.0	14.0	6.0	4.0	2.0	0.0	0.0	878.0	34770.0
Tzo-AMvi_040-Ex1-2H-lcwgs-1-1.clmp.fp2_r2_screen	277.0	43.0	35.0	20.0	16.0	4.0	8.0	3.0	0.0	0.0	875.0	34777.0
Tzo-AMvi_041-Ex1-3D-lcwgs-1-1.clmp.fp2_r1_screen	17.0	1.0	4.0	3.0	1.0	0.0	0.0	0.0	0.0	0.0	93.0	3019.0
Tzo-AMvi_041-Ex1-3D-lcwgs-1-1.clmp.fp2_r2_screen	29.0	3.0	4.0	0.0	1.0	0.0	1.0	0.0	0.0	0.0	86.0	3014.0
Tzo-AMvi_042-Ex1-3H-lcwgs-1-1.clmp.fp2_r1_screen	510.0	265.0	107.0	61.0	34.0	5.0	8.0	8.0	0.0	0.0	2333.0	79308.0
Tzo-AMvi_042-Ex1-3H-lcwgs-1-1.clmp.fp2_r2_screen	575.0	257.0	100.0	42.0	31.0	5.0	7.0	4.0	0.0	0.0	2277.0	79341.0
Tzo-AMvi_043-Ex1-4D-lcwgs-1-1.clmp.fp2_r1_screen	426.0	39.0	46.0	31.0	32.0	3.0	1.0	1.0	1.0	0.0	1303.0	54986.0
Tzo-AMvi_043-Ex1-4D-lcwgs-1-1.clmp.fp2_r2_screen	425.0	40.0	38.0	45.0	23.0	6.0	9.0	1.0	0.0	0.0	1324.0	54958.0
Tzo-AMvi_044-Ex1-4H-lcwgs-1-1.clmp.fp2_r1_screen	183.0	19.0	20.0	10.0	12.0	3.0	3.0	1.0	0.0	0.0	502.0	21324.0
Tzo-AMvi_044-Ex1-4H-lcwgs-1-1.clmp.fp2_r2_screen	188.0	15.0	25.0	11.0	15.0	0.0	5.0	1.0	0.0	0.0	498.0	21319.0
Tzo-AMvi_045-Ex1-5D-lcwgs-1-1.clmp.fp2_r1_screen	487.0	124.0	124.0	46.0	41.0	6.0	9.0	4.0	0.0	0.0	1659.0	67315.0
Tzo-AMvi_045-Ex1-5D-lcwgs-1-1.clmp.fp2_r2_screen	490.0	117.0	126.0	43.0	22.0	12.0	8.0	4.0	0.0	0.0	1706.0	67287.0
Tzo-AMvi_046-Ex1-5H-lcwgs-1-1.clmp.fp2_r1_screen	376.0	933.0	353.0	110.0	19.0	3.0	4.0	6.0	0.0	0.0	1301.0	45947.0
Tzo-AMvi_046-Ex1-5H-lcwgs-1-1.clmp.fp2_r2_screen	332.0	889.0	343.0	120.0	21.0	6.0	7.0	8.0	0.0	0.0	1286.0	46040.0
Tzo-AMvi_047-Ex1-6D-lcwgs-1-1.clmp.fp2_r1_screen	2448.0	657.0	596.0	272.0	150.0	32.0	39.0	11.0	0.0	0.0	8279.0	344174.0
Tzo-AMvi_047-Ex1-6D-lcwgs-1-1.clmp.fp2_r2_screen	2647.0	659.0	598.0	278.0	154.0	39.0	36.0	13.0	0.0	0.0	8131.0	344103.0
Tzo-AMvi_048-Ex1-6H-lcwgs-1-1.clmp.fp2_r1_screen	530.0	218.0	148.0	53.0	29.0	8.0	5.0	4.0	1.0	0.0	2474.0	76104.0
Tzo-AMvi_048-Ex1-6H-lcwgs-1-1.clmp.fp2_r2_screen	576.0	230.0	135.0	51.0	24.0	7.0	4.0	1.0	0.0	0.0	2386.0	76160.0
Tzo-CMal_001-Ex1-3F-lcwgs-1-1.clmp.fp2_r1_screen	2787.0	194.0	280.0	223.0	138.0	37.0	25.0	12.0	0.0	0.0	10970.0	308370.0
Tzo-CMal_001-Ex1-3F-lcwgs-1-1.clmp.fp2_r2_screen	2839.0	180.0	287.0	215.0	132.0	46.0	27.0	6.0	0.0	0.0	10741.0	308563.0
Tzo-CMal_002-Ex1-3G-lcwgs-1-1.clmp.fp2_r1_screen	1162.0	129.0	121.0	87.0	65.0	18.0	15.0	4.0	0.0	0.0	4741.0	147579.0
Tzo-CMal_002-Ex1-3G-lcwgs-1-1.clmp.fp2_r2_screen	1160.0	122.0	117.0	94.0	55.0	6.0	14.0	3.0	0.0	0.0	4525.0	147825.0
Tzo-CMal_003-Ex1-3H-lcwgs-1-1.clmp.fp2_r1_screen	1292.0	135.0	170.0	97.0	79.0	21.0	20.0	6.0	0.0	0.0	5472.0	162270.0
Tzo-CMal_003-Ex1-3H-lcwgs-1-1.clmp.fp2_r2_screen	1316.0	124.0	154.0	111.0	95.0	15.0	19.0	7.0	0.0	0.0	5332.0	162389.0
Tzo-CMal_004-Ex1-4A-lcwgs-1-1.clmp.fp2_r1_screen	3299.0	570.0	408.0	261.0	181.0	39.0	43.0	19.0	0.0	0.0	14419.0	437728.0
Tzo-CMal_004-Ex1-4A-lcwgs-1-1.clmp.fp2_r2_screen	3338.0	581.0	381.0	240.0	181.0	39.0	32.0	22.0	0.0	0.0	13739.0	438414.0
Tzo-CMal_005-Ex1-4B-lcwgs-1-1.clmp.fp2_r1_screen	1926.0	163.0	201.0	148.0	83.0	16.0	35.0	6.0	0.0	0.0	7117.0	217873.0
Tzo-CMal_005-Ex1-4B-lcwgs-1-1.clmp.fp2_r2_screen	1941.0	152.0	186.0	151.0	95.0	30.0	22.0	5.0	0.0	0.0	6794.0	218192.0
Tzo-CMal_006-Ex1-4C-lcwgs-1-1.clmp.fp2_r1_screen	3754.0	327.0	406.0	289.0	243.0	64.0	45.0	19.0	1.0	0.0	16458.0	445027.0
Tzo-CMal_006-Ex1-4C-lcwgs-1-1.clmp.fp2_r2_screen	3798.0	317.0	381.0	313.0	229.0	54.0	45.0	34.0	0.0	0.0	15921.0	445541.0
Tzo-CMal_007-Ex1-4D-lcwgs-1-1.clmp.fp2_r1_screen	3456.0	348.0	366.0	260.0	180.0	47.0	49.0	18.0	1.0	0.0	13502.0	408615.0
Tzo-CMal_007-Ex1-4D-lcwgs-1-1.clmp.fp2_r2_screen	3472.0	336.0	336.0	258.0	187.0	40.0	50.0	22.0	0.0	0.0	13270.0	408871.0
Tzo-CMal_008-Ex1-4E-lcwgs-1-1.clmp.fp2_r1_screen	2097.0	260.0	222.0	147.0	107.0	36.0	32.0	6.0	0.0	0.0	8029.0	259747.0
Tzo-CMal_008-Ex1-4E-lcwgs-1-1.clmp.fp2_r2_screen	2081.0	268.0	194.0	151.0	114.0	35.0	29.0	10.0	0.0	0.0	7865.0	259936.0
Tzo-CMal_009-Ex1-4F-lcwgs-1-1.clmp.fp2_r1_screen	1827.0	191.0	201.0	131.0	81.0	15.0	32.0	11.0	1.0	0.0	7543.0	215921.0
Tzo-CMal_009-Ex1-4F-lcwgs-1-1.clmp.fp2_r2_screen	1840.0	192.0	180.0	133.0	107.0	19.0	21.0	7.0	0.0	0.0	7308.0	216147.0
Tzo-CMal_010-Ex1-4G-lcwgs-1-1.clmp.fp2_r1_screen	2021.0	277.0	225.0	184.0	109.0	28.0	25.0	11.0	0.0	0.0	8317.0	254744.0
Tzo-CMal_010-Ex1-4G-lcwgs-1-1.clmp.fp2_r2_screen	2016.0	268.0	208.0	143.0	108.0	30.0	30.0	10.0	1.0	0.0	7984.0	255143.0
Tzo-CMal_011-Ex1-4H-lcwgs-1-1.clmp.fp2_r1_screen	1524.0	128.0	180.0	114.0	92.0	18.0	19.0	7.0	2.0	0.0	5990.0	196841.0
Tzo-CMal_011-Ex1-4H-lcwgs-1-1.clmp.fp2_r2_screen	1486.0	112.0	175.0	131.0	90.0	19.0	24.0	8.0	1.0	0.0	5844.0	197025.0
Tzo-CMal_012-Ex1-5A-lcwgs-1-1.clmp.fp2_r1_screen	7706.0	1182.0	867.0	579.0	467.0	78.0	102.0	33.0	1.0	0.0	32571.0	1006675.0
Tzo-CMal_012-Ex1-5A-lcwgs-1-1.clmp.fp2_r2_screen	7729.0	1111.0	858.0	591.0	454.0	90.0	89.0	41.0	1.0	0.0	31362.0	1007935.0
Tzo-CMal_013-Ex1-5B-lcwgs-1-1.clmp.fp2_r1_screen	3873.0	239.0	427.0	313.0	242.0	50.0	51.0	21.0	1.0	0.0	16923.0	510069.0
Tzo-CMal_013-Ex1-5B-lcwgs-1-1.clmp.fp2_r2_screen	3865.0	244.0	380.0	300.0	225.0	50.0	46.0	19.0	0.0	0.0	16426.0	510654.0
Tzo-CMal_014-Ex1-5C-lcwgs-1-1.clmp.fp2_r1_screen	4166.0	362.0	482.0	325.0	234.0	60.0	63.0	25.0	2.0	0.0	16385.0	529102.0
Tzo-CMal_014-Ex1-5C-lcwgs-1-1.clmp.fp2_r2_screen	4192.0	343.0	453.0	318.0	227.0	61.0	58.0	23.0	0.0	0.0	15933.0	529598.0
Tzo-CMal_015-Ex1-5D-lcwgs-1-1.clmp.fp2_r1_screen	2239.0	170.0	234.0	177.0	146.0	25.0	29.0	11.0	0.0	0.0	9785.0	271974.0
Tzo-CMal_015-Ex1-5D-lcwgs-1-1.clmp.fp2_r2_screen	2232.0	163.0	206.0	169.0	139.0	29.0	26.0	16.0	0.0	0.0	9437.0	272373.0
Tzo-CMal_016-Ex1-5E-lcwgs-1-1.clmp.fp2_r1_screen	1325.0	99.0	149.0	84.0	70.0	23.0	14.0	5.0	0.0	0.0	5631.0	172640.0
Tzo-CMal_016-Ex1-5E-lcwgs-1-1.clmp.fp2_r2_screen	1334.0	101.0	137.0	122.0	76.0	24.0	22.0	3.0	2.0	0.0	5399.0	172820.0
Tzo-CMal_017-Ex1-5F-lcwgs-1-1.clmp.fp2_r1_screen	3787.0	252.0	384.0	271.0	219.0	45.0	46.0	13.0	0.0	0.0	14426.0	436958.0
Tzo-CMal_017-Ex1-5F-lcwgs-1-1.clmp.fp2_r2_screen	3814.0	251.0	410.0	274.0	218.0	58.0	45.0	23.0	1.0	0.0	14121.0	437186.0
Tzo-CMal_018-Ex1-5G-lcwgs-1-1.clmp.fp2_r1_screen	2708.0	173.0	325.0	210.0	151.0	42.0	36.0	11.0	0.0	0.0	10794.0	323163.0
Tzo-CMal_018-Ex1-5G-lcwgs-1-1.clmp.fp2_r2_screen	2791.0	168.0	272.0	202.0	140.0	28.0	36.0	12.0	0.0	0.0	10464.0	323500.0
Tzo-CMal_019-Ex1-5H-lcwgs-1-1.clmp.fp2_r1_screen	1161.0	80.0	140.0	71.0	69.0	13.0	18.0	5.0	0.0	0.0	4703.0	146028.0
Tzo-CMal_019-Ex1-5H-lcwgs-1-1.clmp.fp2_r2_screen	1199.0	88.0	130.0	66.0	51.0	23.0	11.0	8.0	0.0	0.0	4516.0	146196.0
Tzo-CMal_020-Ex1-6A-lcwgs-1-1.clmp.fp2_r1_screen	6086.0	498.0	685.0	486.0	390.0	82.0	82.0	43.0	0.0	0.0	26393.0	777052.0
Tzo-CMal_020-Ex1-6A-lcwgs-1-1.clmp.fp2_r2_screen	6126.0	472.0	694.0	481.0	386.0	97.0	62.0	37.0	1.0	0.0	25415.0	778026.0
Tzo-CMal_021-Ex1-6B-lcwgs-1-1.clmp.fp2_r1_screen	4060.0	310.0	404.0	316.0	217.0	52.0	45.0	14.0	0.0	0.0	15472.0	482482.0
Tzo-CMal_021-Ex1-6B-lcwgs-1-1.clmp.fp2_r2_screen	4007.0	348.0	378.0	284.0	232.0	55.0	47.0	18.0	0.0	0.0	15068.0	482935.0
Tzo-CMal_022-Ex1-6C-lcwgs-1-1.clmp.fp2_r1_screen	4588.0	455.0	589.0	356.0	293.0	82.0	70.0	20.0	0.0	0.0	19240.0	616629.0
Tzo-CMal_022-Ex1-6C-lcwgs-1-1.clmp.fp2_r2_screen	4624.0	448.0	547.0	356.0	278.0	72.0	71.0	26.0	1.0	0.0	18500.0	617399.0
Tzo-CMal_023-Ex1-6D-lcwgs-1-1.clmp.fp2_r1_screen	3395.0	227.0	356.0	271.0	220.0	43.0	35.0	17.0	0.0	0.0	14595.0	432696.0
Tzo-CMal_023-Ex1-6D-lcwgs-1-1.clmp.fp2_r2_screen	3481.0	216.0	366.0	243.0	193.0	42.0	35.0	12.0	0.0	0.0	14074.0	433193.0
Tzo-CMal_024-Ex1-6E-lcwgs-1-1.clmp.fp2_r1_screen	69.0	29.0	13.0	3.0	2.0	0.0	0.0	0.0	0.0	0.0	332.0	10690.0
Tzo-CMal_024-Ex1-6E-lcwgs-1-1.clmp.fp2_r2_screen	76.0	37.0	18.0	6.0	6.0	1.0	0.0	0.0	0.0	0.0	309.0	10685.0
Tzo-CMal_025-Ex1-6F-lcwgs-1-1.clmp.fp2_r1_screen	1765.0	145.0	208.0	126.0	88.0	26.0	30.0	8.0	0.0	0.0	7337.0	214517.0
Tzo-CMal_025-Ex1-6F-lcwgs-1-1.clmp.fp2_r2_screen	1789.0	154.0	173.0	129.0	90.0	20.0	22.0	5.0	0.0	0.0	7172.0	214696.0
Tzo-CMal_026-Ex1-6G-lcwgs-1-1.clmp.fp2_r1_screen	2302.0	120.0	276.0	169.0	138.0	50.0	25.0	9.0	0.0	0.0	8818.0	277793.0
Tzo-CMal_026-Ex1-6G-lcwgs-1-1.clmp.fp2_r2_screen	2255.0	114.0	213.0	158.0	140.0	22.0	26.0	10.0	0.0	0.0	8679.0	278083.0
Tzo-CMal_027-Ex1-6H-lcwgs-1-1.clmp.fp2_r1_screen	943.0	42.0	102.0	61.0	58.0	17.0	9.0	4.0	0.0	0.0	4391.0	119416.0
Tzo-CMal_027-Ex1-6H-lcwgs-1-1.clmp.fp2_r2_screen	936.0	38.0	97.0	76.0	42.0	15.0	16.0	3.0	0.0	0.0	4267.0	119553.0
Tzo-CMal_028-Ex1-7A-lcwgs-1-1.clmp.fp2_r1_screen	2932.0	284.0	358.0	241.0	216.0	32.0	33.0	14.0	0.0	0.0	11808.0	423788.0
Tzo-CMal_028-Ex1-7A-lcwgs-1-1.clmp.fp2_r2_screen	3086.0	285.0	346.0	250.0	195.0	37.0	44.0	16.0	0.0	0.0	11439.0	424008.0
Tzo-CMal_029-Ex1-7B-lcwgs-1-1.clmp.fp2_r1_screen	3026.0	192.0	323.0	244.0	186.0	46.0	45.0	24.0	1.0	0.0	14352.0	376390.0
Tzo-CMal_029-Ex1-7B-lcwgs-1-1.clmp.fp2_r2_screen	3094.0	162.0	363.0	266.0	206.0	42.0	35.0	27.0	0.0	0.0	14126.0	376508.0
Tzo-CMal_030-Ex1-7C-lcwgs-1-1.clmp.fp2_r1_screen	2955.0	472.0	322.0	238.0	179.0	45.0	46.0	13.0	0.0	0.0	12148.0	389960.0
Tzo-CMal_030-Ex1-7C-lcwgs-1-1.clmp.fp2_r2_screen	3006.0	445.0	347.0	228.0	157.0	42.0	26.0	10.0	2.0	0.0	11708.0	390407.0
Tzo-CMal_031-Ex1-7D-lcwgs-1-1.clmp.fp2_r1_screen	2037.0	166.0	220.0	156.0	122.0	28.0	21.0	8.0	0.0	0.0	8460.0	261050.0
Tzo-CMal_031-Ex1-7D-lcwgs-1-1.clmp.fp2_r2_screen	2028.0	163.0	215.0	143.0	101.0	27.0	27.0	10.0	0.0	0.0	8177.0	261377.0
Tzo-CMal_032-Ex1-7E-lcwgs-1-1.clmp.fp2_r1_screen	1952.0	147.0	200.0	146.0	114.0	21.0	31.0	8.0	0.0	0.0	8221.0	224806.0
Tzo-CMal_032-Ex1-7E-lcwgs-1-1.clmp.fp2_r2_screen	2012.0	136.0	199.0	151.0	114.0	25.0	22.0	7.0	0.0	0.0	8009.0	224971.0
Tzo-CMal_033-Ex1-7F-lcwgs-1-1.clmp.fp2_r1_screen	1630.0	89.0	169.0	122.0	124.0	23.0	18.0	9.0	0.0	0.0	6825.0	189423.0
Tzo-CMal_033-Ex1-7F-lcwgs-1-1.clmp.fp2_r2_screen	1652.0	88.0	182.0	119.0	103.0	28.0	23.0	7.0	0.0	0.0	6688.0	189542.0
Tzo-CMal_034-Ex1-7G-lcwgs-1-1.clmp.fp2_r1_screen	1743.0	125.0	215.0	146.0	96.0	17.0	20.0	5.0	1.0	0.0	6934.0	194688.0
Tzo-CMal_034-Ex1-7G-lcwgs-1-1.clmp.fp2_r2_screen	1782.0	100.0	186.0	115.0	80.0	23.0	17.0	3.0	1.0	0.0	6812.0	194871.0
Tzo-CMal_035-Ex1-7H-lcwgs-1-1.clmp.fp2_r1_screen	1882.0	111.0	216.0	136.0	114.0	38.0	30.0	10.0	0.0	0.0	8143.0	228232.0
Tzo-CMal_035-Ex1-7H-lcwgs-1-1.clmp.fp2_r2_screen	1917.0	109.0	184.0	151.0	99.0	25.0	18.0	6.0	1.0	0.0	7883.0	228519.0
Tzo-CMal_036-Ex1-8A-lcwgs-1-1.clmp.fp2_r1_screen	2033.0	210.0	233.0	142.0	104.0	33.0	36.0	12.0	1.0	0.0	7952.0	279923.0
Tzo-CMal_036-Ex1-8A-lcwgs-1-1.clmp.fp2_r2_screen	1983.0	223.0	217.0	139.0	110.0	25.0	35.0	6.0	0.0	0.0	7582.0	280359.0
Tzo-CMal_037-Ex1-8B-lcwgs-1-1.clmp.fp2_r1_screen	4233.0	323.0	488.0	336.0	233.0	69.0	48.0	22.0	1.0	0.0	16521.0	514426.0
Tzo-CMal_037-Ex1-8B-lcwgs-1-1.clmp.fp2_r2_screen	4252.0	328.0	435.0	352.0	228.0	49.0	55.0	19.0	2.0	0.0	16071.0	514909.0
Tzo-CMal_038-Ex1-8C-lcwgs-1-1.clmp.fp2_r1_screen	1339.0	113.0	154.0	93.0	66.0	15.0	22.0	17.0	0.0	0.0	5703.0	166595.0
Tzo-CMal_038-Ex1-8C-lcwgs-1-1.clmp.fp2_r2_screen	1311.0	109.0	142.0	100.0	66.0	9.0	17.0	11.0	0.0	0.0	5670.0	166682.0
Tzo-CMal_039-Ex1-8D-lcwgs-1-1.clmp.fp2_r1_screen	63.0	9.0	8.0	10.0	0.0	3.0	0.0	0.0	0.0	0.0	240.0	9042.0
Tzo-CMal_039-Ex1-8D-lcwgs-1-1.clmp.fp2_r2_screen	50.0	9.0	3.0	7.0	4.0	1.0	0.0	0.0	0.0	0.0	251.0	9050.0
Tzo-CMal_040-Ex1-8E-lcwgs-1-1.clmp.fp2_r1_screen	2016.0	169.0	245.0	161.0	118.0	19.0	23.0	7.0	0.0	0.0	8282.0	249322.0
Tzo-CMal_040-Ex1-8E-lcwgs-1-1.clmp.fp2_r2_screen	2133.0	151.0	226.0	183.0	114.0	27.0	10.0	12.0	1.0	0.0	8027.0	249478.0
Tzo-CMal_041-Ex1-8F-lcwgs-1-1.clmp.fp2_r1_screen	34.0	4.0	9.0	3.0	0.0	1.0	1.0	1.0	0.0	0.0	170.0	7062.0
Tzo-CMal_041-Ex1-8F-lcwgs-1-1.clmp.fp2_r2_screen	41.0	6.0	7.0	2.0	1.0	0.0	1.0	2.0	0.0	0.0	176.0	7049.0
Tzo-CMal_042-Ex1-8G-lcwgs-1-1.clmp.fp2_r1_screen	2059.0	132.0	190.0	182.0	107.0	27.0	19.0	7.0	0.0	0.0	8070.0	232278.0
Tzo-CMal_042-Ex1-8G-lcwgs-1-1.clmp.fp2_r2_screen	2030.0	130.0	225.0	154.0	97.0	29.0	18.0	9.0	1.0	0.0	7881.0	232497.0
Tzo-CMal_043-Ex1-8H-lcwgs-1-1.clmp.fp2_r1_screen	274.0	36.0	26.0	19.0	9.0	3.0	2.0	1.0	0.0	0.0	1103.0	36480.0
Tzo-CMal_043-Ex1-8H-lcwgs-1-1.clmp.fp2_r2_screen	263.0	35.0	23.0	11.0	21.0	3.0	3.0	0.0	0.0	0.0	1072.0	36522.0
Tzo-CMal_044-Ex1-9A-lcwgs-1-1.clmp.fp2_r1_screen	4094.0	377.0	449.0	340.0	264.0	62.0	48.0	17.0	1.0	0.0	15029.0	524968.0
Tzo-CMal_044-Ex1-9A-lcwgs-1-1.clmp.fp2_r2_screen	4097.0	404.0	456.0	334.0	259.0	52.0	55.0	21.0	3.0	0.0	14509.0	525459.0
Tzo-CMal_045-Ex1-9B-lcwgs-1-1.clmp.fp2_r1_screen	450.0	51.0	49.0	32.0	31.0	2.0	10.0	4.0	0.0	0.0	1776.0	57553.0
Tzo-CMal_045-Ex1-9B-lcwgs-1-1.clmp.fp2_r2_screen	387.0	59.0	52.0	38.0	22.0	3.0	7.0	1.0	0.0	0.0	1668.0	57721.0
Tzo-CMal_046-Ex1-9C-lcwgs-1-1.clmp.fp2_r1_screen	4187.0	488.0	528.0	361.0	261.0	67.0	57.0	22.0	0.0	0.0	17583.0	568231.0
Tzo-CMal_046-Ex1-9C-lcwgs-1-1.clmp.fp2_r2_screen	4240.0	486.0	469.0	310.0	268.0	58.0	54.0	17.0	2.0	0.0	16703.0	569178.0
Tzo-CMal_047-Ex1-9D-lcwgs-1-1.clmp.fp2_r1_screen	1516.0	122.0	179.0	127.0	82.0	23.0	18.0	4.0	0.0	0.0	6031.0	177720.0
Tzo-CMal_047-Ex1-9D-lcwgs-1-1.clmp.fp2_r2_screen	1530.0	138.0	166.0	118.0	77.0	19.0	28.0	8.0	0.0	0.0	5814.0	177924.0
Tzo-CMal_048-Ex1-9E-lcwgs-1-1.clmp.fp2_r1_screen	18.0	7.0	2.0	1.0	0.0	1.0	0.0	0.0	1.0	0.0	76.0	2726.0
Tzo-CMal_048-Ex1-9E-lcwgs-1-1.clmp.fp2_r2_screen	16.0	7.0	4.0	2.0	1.0	0.0	0.0	0.0	0.0	0.0	82.0	2720.0
Tzo-CMal_049-Ex1-9F-lcwgs-1-1.clmp.fp2_r1_screen	396.0	32.0	69.0	23.0	15.0	1.0	4.0	3.0	0.0	0.0	1617.0	46039.0
Tzo-CMal_049-Ex1-9F-lcwgs-1-1.clmp.fp2_r2_screen	399.0	26.0	46.0	35.0	14.0	4.0	3.0	2.0	0.0	0.0	1592.0	46078.0
Tzo-CMal_050-Ex1-9G-lcwgs-1-1.clmp.fp2_r1_screen	58.0	5.0	8.0	4.0	6.0	0.0	2.0	0.0	0.0	0.0	253.0	8392.0
Tzo-CMal_050-Ex1-9G-lcwgs-1-1.clmp.fp2_r2_screen	66.0	8.0	6.0	3.0	5.0	1.0	1.0	0.0	0.0	0.0	237.0	8401.0
Tzo-CMal_051-Ex1-9H-lcwgs-1-1.clmp.fp2_r1_screen	231.0	11.0	24.0	14.0	13.0	3.0	1.0	1.0	0.0	0.0	1046.0	30184.0
Tzo-CMal_051-Ex1-9H-lcwgs-1-1.clmp.fp2_r2_screen	225.0	17.0	25.0	12.0	17.0	2.0	5.0	3.0	0.0	0.0	946.0	30276.0
Tzo-CMal_052-Ex1-10A-lcwgs-1-1.clmp.fp2_r1_screen	2207.0	286.0	214.0	175.0	131.0	32.0	25.0	13.0	0.0	0.0	8490.0	300358.0
Tzo-CMal_052-Ex1-10A-lcwgs-1-1.clmp.fp2_r2_screen	2180.0	270.0	226.0	171.0	111.0	23.0	22.0	8.0	1.0	0.0	8187.0	300732.0
Tzo-CMal_053-Ex1-10B-lcwgs-1-1.clmp.fp2_r1_screen	1152.0	75.0	134.0	103.0	61.0	8.0	14.0	6.0	0.0	0.0	4373.0	148783.0
Tzo-CMal_053-Ex1-10B-lcwgs-1-1.clmp.fp2_r2_screen	1124.0	69.0	128.0	96.0	60.0	11.0	17.0	4.0	0.0	0.0	4216.0	148984.0
Tzo-CMal_054-Ex1-10C-lcwgs-1-1.clmp.fp2_r1_screen	863.0	70.0	97.0	75.0	41.0	15.0	11.0	6.0	0.0	0.0	3354.0	111953.0
Tzo-CMal_054-Ex1-10C-lcwgs-1-1.clmp.fp2_r2_screen	869.0	61.0	96.0	64.0	44.0	20.0	13.0	7.0	0.0	0.0	3288.0	112023.0
Tzo-CMal_055-Ex1-10D-lcwgs-1-1.clmp.fp2_r1_screen	325.0	49.0	42.0	22.0	20.0	7.0	2.0	1.0	0.0	0.0	1440.0	48300.0
Tzo-CMal_055-Ex1-10D-lcwgs-1-1.clmp.fp2_r2_screen	351.0	36.0	34.0	24.0	16.0	2.0	3.0	0.0	0.0	0.0	1372.0	48370.0
Tzo-CMal_056-Ex1-10E-lcwgs-1-1.clmp.fp2_r1_screen	1548.0	118.0	186.0	112.0	86.0	22.0	22.0	4.0	0.0	0.0	6177.0	199114.0
Tzo-CMal_056-Ex1-10E-lcwgs-1-1.clmp.fp2_r2_screen	1540.0	101.0	156.0	110.0	85.0	21.0	20.0	3.0	0.0	0.0	5825.0	199528.0
Tzo-CMal_057-Ex1-10F-lcwgs-1-1.clmp.fp2_r1_screen	873.0	102.0	111.0	72.0	59.0	8.0	14.0	8.0	0.0	0.0	3608.0	117423.0
Tzo-CMal_057-Ex1-10F-lcwgs-1-1.clmp.fp2_r2_screen	907.0	89.0	97.0	52.0	62.0	11.0	12.0	4.0	0.0	0.0	3389.0	117655.0
Tzo-CMal_058-Ex1-10G-lcwgs-1-1.clmp.fp2_r1_screen	2956.0	251.0	346.0	238.0	195.0	39.0	39.0	17.0	0.0	0.0	11548.0	371219.0
Tzo-CMal_058-Ex1-10G-lcwgs-1-1.clmp.fp2_r2_screen	3018.0	247.0	301.0	221.0	157.0	34.0	36.0	8.0	0.0	0.0	11066.0	371760.0
Tzo-CMal_059-Ex1-10H-lcwgs-1-1.clmp.fp2_r1_screen	46.0	3.0	6.0	1.0	3.0	0.0	1.0	0.0	0.0	0.0	203.0	6807.0
Tzo-CMal_059-Ex1-10H-lcwgs-1-1.clmp.fp2_r2_screen	49.0	7.0	7.0	4.0	6.0	0.0	0.0	1.0	0.0	0.0	190.0	6806.0
Tzo-CMal_060-Ex1-11A-lcwgs-1-1.clmp.fp2_r1_screen	1491.0	106.0	594.0	118.0	79.0	27.0	25.0	7.0	0.0	0.0	6138.0	190590.0
Tzo-CMal_060-Ex1-11A-lcwgs-1-1.clmp.fp2_r2_screen	1538.0	87.0	572.0	126.0	84.0	19.0	17.0	2.0	0.0	0.0	5961.0	190769.0
Tzo-CMal_061-Ex1-11B-lcwgs-1-1.clmp.fp2_r1_screen	906.0	210.0	103.0	71.0	63.0	12.0	8.0	7.0	0.0	0.0	3624.0	118237.0
Tzo-CMal_061-Ex1-11B-lcwgs-1-1.clmp.fp2_r2_screen	889.0	203.0	90.0	67.0	51.0	12.0	12.0	4.0	0.0	0.0	3368.0	118545.0
Tzo-CMal_062-Ex1-11C-lcwgs-1-1.clmp.fp2_r1_screen	1310.0	124.0	185.0	125.0	93.0	16.0	24.0	3.0	0.0	0.0	5259.0	156209.0
Tzo-CMal_062-Ex1-11C-lcwgs-1-1.clmp.fp2_r2_screen	1341.0	129.0	155.0	102.0	80.0	18.0	17.0	3.0	0.0	0.0	5212.0	156291.0
Tzo-CMal_063-Ex1-11D-lcwgs-1-1.clmp.fp2_r1_screen	979.0	72.0	103.0	88.0	61.0	14.0	19.0	3.0	0.0	0.0	4112.0	122499.0
Tzo-CMal_063-Ex1-11D-lcwgs-1-1.clmp.fp2_r2_screen	1043.0	63.0	108.0	73.0	52.0	12.0	15.0	8.0	1.0	0.0	3999.0	122576.0
Tzo-CMal_064-Ex1-11E-lcwgs-1-1.clmp.fp2_r1_screen	116.0	9.0	13.0	6.0	3.0	0.0	1.0	0.0	0.0	0.0	388.0	11665.0
Tzo-CMal_064-Ex1-11E-lcwgs-1-1.clmp.fp2_r2_screen	96.0	6.0	11.0	6.0	3.0	1.0	0.0	0.0	0.0	0.0	383.0	11695.0
Tzo-CMta_001-Ex1-9A-lcwgs-1-1.clmp.fp2_r1_screen	1385.0	58.0	146.0	106.0	98.0	23.0	16.0	1.0	0.0	0.0	5013.0	169591.0
Tzo-CMta_001-Ex1-9A-lcwgs-1-1.clmp.fp2_r2_screen	1410.0	73.0	141.0	79.0	74.0	18.0	18.0	2.0	0.0	0.0	4961.0	169661.0
Tzo-CMta_002-Ex1-9B-lcwgs-1-1.clmp.fp2_r1_screen	3323.0	162.0	356.0	255.0	199.0	43.0	25.0	14.0	0.0	0.0	11378.0	395587.0
Tzo-CMta_002-Ex1-9B-lcwgs-1-1.clmp.fp2_r2_screen	3355.0	144.0	336.0	224.0	180.0	38.0	46.0	14.0	0.0	0.0	11171.0	395834.0
Tzo-CMta_003-Ex1-9C-lcwgs-1-1.clmp.fp2_r1_screen	10.0	2.0	2.0	1.0	0.0	0.0	0.0	0.0	0.0	0.0	25.0	1108.0
Tzo-CMta_003-Ex1-9C-lcwgs-1-1.clmp.fp2_r2_screen	9.0	2.0	0.0	2.0	0.0	0.0	0.0	0.0	0.0	0.0	34.0	1101.0
Tzo-CMta_004-Ex1-9D-lcwgs-1-1.clmp.fp2_r1_screen	12.0	3.0	0.0	1.0	0.0	0.0	0.0	0.0	0.0	0.0	46.0	1839.0
Tzo-CMta_004-Ex1-9D-lcwgs-1-1.clmp.fp2_r2_screen	11.0	2.0	0.0	0.0	0.0	0.0	0.0	0.0	0.0	0.0	48.0	1840.0
Tzo-CMta_005-Ex1-9E-lcwgs-1-1.clmp.fp2_r1_screen	59.0	7.0	3.0	6.0	2.0	1.0	0.0	0.0	0.0	0.0	235.0	7872.0
Tzo-CMta_005-Ex1-9E-lcwgs-1-1.clmp.fp2_r2_screen	61.0	6.0	5.0	5.0	2.0	0.0	1.0	0.0	0.0	0.0	223.0	7882.0
Tzo-CMta_006-Ex1-9F-lcwgs-1-1.clmp.fp2_r1_screen	37.0	3.0	3.0	2.0	2.0	1.0	0.0	0.0	0.0	0.0	147.0	4971.0
Tzo-CMta_006-Ex1-9F-lcwgs-1-1.clmp.fp2_r2_screen	38.0	1.0	2.0	4.0	3.0	1.0	0.0	2.0	0.0	0.0	143.0	4972.0
Tzo-CMta_007-Ex1-9G-lcwgs-1-1.clmp.fp2_r1_screen	16.0	4.0	1.0	1.0	2.0	0.0	0.0	0.0	0.0	0.0	35.0	2271.0
Tzo-CMta_007-Ex1-9G-lcwgs-1-1.clmp.fp2_r2_screen	18.0	2.0	2.0	1.0	1.0	0.0	0.0	0.0	0.0	0.0	35.0	2271.0
Tzo-CMta_008-Ex1-9H-lcwgs-1-1.clmp.fp2_r1_screen	7.0	1.0	0.0	0.0	0.0	0.0	0.0	0.0	0.0	0.0	25.0	1194.0
Tzo-CMta_008-Ex1-9H-lcwgs-1-1.clmp.fp2_r2_screen	8.0	3.0	0.0	2.0	0.0	0.0	0.0	0.0	0.0	0.0	27.0	1187.0
Tzo-CMta_009-Ex1-10A-lcwgs-1-1.clmp.fp2_r1_screen	4958.0	196.0	570.0	416.0	270.0	71.0	60.0	24.0	0.0	0.0	19442.0	634050.0
Tzo-CMta_009-Ex1-10A-lcwgs-1-1.clmp.fp2_r2_screen	4952.0	207.0	506.0	387.0	308.0	60.0	58.0	28.0	0.0	0.0	18907.0	634644.0
Tzo-CMta_010-Ex1-10B-lcwgs-1-1.clmp.fp2_r1_screen	92.0	5.0	14.0	5.0	9.0	1.0	1.0	1.0	0.0	0.0	356.0	12013.0
Tzo-CMta_010-Ex1-10B-lcwgs-1-1.clmp.fp2_r2_screen	96.0	6.0	12.0	9.0	3.0	1.0	2.0	3.0	0.0	0.0	368.0	11997.0
Tzo-CMta_011-Ex1-10C-lcwgs-1-1.clmp.fp2_r1_screen	1.0	0.0	0.0	0.0	0.0	0.0	0.0	0.0	0.0	0.0	23.0	525.0
Tzo-CMta_011-Ex1-10C-lcwgs-1-1.clmp.fp2_r2_screen	3.0	0.0	1.0	0.0	1.0	0.0	0.0	0.0	0.0	0.0	14.0	530.0
Tzo-CMta_012-Ex1-10D-lcwgs-1-1.clmp.fp2_r1_screen	4733.0	313.0	526.0	355.0	270.0	60.0	67.0	23.0	1.0	0.0	18290.0	605476.0
Tzo-CMta_012-Ex1-10D-lcwgs-1-1.clmp.fp2_r2_screen	4791.0	305.0	555.0	356.0	264.0	59.0	44.0	26.0	0.0	0.0	17545.0	606169.0
Tzo-CMta_013-Ex1-10E-lcwgs-1-1.clmp.fp2_r1_screen	1.0	0.0	0.0	1.0	0.0	0.0	1.0	0.0	0.0	0.0	9.0	306.0
Tzo-CMta_013-Ex1-10E-lcwgs-1-1.clmp.fp2_r2_screen	1.0	0.0	0.0	1.0	0.0	0.0	0.0	0.0	0.0	0.0	7.0	309.0
Tzo-CMta_014-Ex1-10F-lcwgs-1-1.clmp.fp2_r1_screen	83.0	7.0	8.0	4.0	2.0	3.0	3.0	0.0	0.0	0.0	316.0	10772.0
Tzo-CMta_014-Ex1-10F-lcwgs-1-1.clmp.fp2_r2_screen	66.0	2.0	8.0	4.0	5.0	1.0	3.0	0.0	0.0	0.0	290.0	10819.0
Tzo-CMta_015-Ex1-10G-lcwgs-1-1.clmp.fp2_r1_screen	3.0	1.0	0.0	1.0	1.0	0.0	0.0	0.0	0.0	0.0	14.0	567.0
Tzo-CMta_015-Ex1-10G-lcwgs-1-1.clmp.fp2_r2_screen	3.0	1.0	1.0	0.0	0.0	0.0	0.0	0.0	0.0	0.0	14.0	568.0
Tzo-CMta_016-Ex1-10H-lcwgs-1-1.clmp.fp2_r1_screen	749.0	28.0	103.0	59.0	61.0	10.0	15.0	4.0	0.0	0.0	2598.0	100277.0
Tzo-CMta_016-Ex1-10H-lcwgs-1-1.clmp.fp2_r2_screen	709.0	23.0	81.0	61.0	44.0	10.0	10.0	0.0	0.0	0.0	2481.0	100485.0
Tzo-CMta_017-Ex1-11A-lcwgs-1-1.clmp.fp2_r1_screen	3881.0	191.0	372.0	303.0	218.0	47.0	54.0	12.0	2.0	0.0	14633.0	481875.0
Tzo-CMta_017-Ex1-11A-lcwgs-1-1.clmp.fp2_r2_screen	4014.0	203.0	417.0	277.0	220.0	58.0	53.0	10.0	0.0	0.0	14461.0	481875.0
Tzo-CMta_018-Ex1-11B-lcwgs-1-1.clmp.fp2_r1_screen	2.0	0.0	0.0	0.0	0.0	0.0	0.0	0.0	0.0	0.0	17.0	459.0
Tzo-CMta_018-Ex1-11B-lcwgs-1-1.clmp.fp2_r2_screen	4.0	0.0	0.0	1.0	0.0	0.0	0.0	0.0	0.0	0.0	14.0	459.0
Tzo-CMta_019-Ex1-11C-lcwgs-1-1.clmp.fp2_r1_screen	9.0	2.0	1.0	1.0	0.0	0.0	1.0	0.0	0.0	0.0	62.0	1446.0
Tzo-CMta_019-Ex1-11C-lcwgs-1-1.clmp.fp2_r2_screen	7.0	1.0	2.0	3.0	1.0	0.0	0.0	0.0	0.0	0.0	64.0	1444.0
Tzo-CMta_020-Ex1-11D-lcwgs-1-1.clmp.fp2_r1_screen	1943.0	127.0	206.0	161.0	106.0	37.0	25.0	9.0	0.0	0.0	7327.0	238563.0
Tzo-CMta_020-Ex1-11D-lcwgs-1-1.clmp.fp2_r2_screen	1990.0	110.0	222.0	157.0	105.0	32.0	23.0	7.0	1.0	0.0	7045.0	238812.0
Tzo-CMta_021-Ex1-11E-lcwgs-1-1.clmp.fp2_r1_screen	237.0	22.0	18.0	19.0	9.0	2.0	3.0	2.0	0.0	0.0	856.0	26975.0
Tzo-CMta_021-Ex1-11E-lcwgs-1-1.clmp.fp2_r2_screen	232.0	14.0	13.0	11.0	14.0	2.0	2.0	0.0	0.0	0.0	813.0	27042.0
Tzo-CMta_022-Ex1-11F-lcwgs-1-1.clmp.fp2_r1_screen	480.0	35.0	48.0	29.0	29.0	7.0	10.0	2.0	0.0	0.0	1912.0	57481.0
Tzo-CMta_022-Ex1-11F-lcwgs-1-1.clmp.fp2_r2_screen	470.0	32.0	37.0	25.0	21.0	5.0	4.0	0.0	0.0	0.0	1838.0	57601.0
Tzo-CMta_023-Ex1-11G-lcwgs-1-1.clmp.fp2_r1_screen	5.0	1.0	2.0	0.0	0.0	0.0	0.0	0.0	0.0	0.0	21.0	455.0
Tzo-CMta_023-Ex1-11G-lcwgs-1-1.clmp.fp2_r2_screen	5.0	2.0	2.0	0.0	0.0	1.0	0.0	0.0	0.0	0.0	18.0	456.0
Tzo-CMta_024-Ex1-11H-lcwgs-1-1.clmp.fp2_r1_screen	2527.0	107.0	301.0	235.0	172.0	25.0	35.0	5.0	2.0	0.0	9482.0	324555.0
Tzo-CMta_024-Ex1-11H-lcwgs-1-1.clmp.fp2_r2_screen	2556.0	107.0	279.0	196.0	143.0	29.0	35.0	10.0	1.0	0.0	9231.0	324859.0
Tzo-CMta_025-Ex1-12A-lcwgs-1-1.clmp.fp2_r1_screen	544.0	32.0	59.0	55.0	26.0	3.0	4.0	1.0	0.0	0.0	2075.0	67000.0
Tzo-CMta_025-Ex1-12A-lcwgs-1-1.clmp.fp2_r2_screen	523.0	32.0	52.0	28.0	22.0	3.0	1.0	2.0	0.0	0.0	2046.0	67090.0
Tzo-CMta_026-Ex1-12B-lcwgs-1-1.clmp.fp2_r1_screen	46.0	2.0	2.0	1.0	1.0	0.0	0.0	0.0	0.0	0.0	166.0	5456.0
Tzo-CMta_026-Ex1-12B-lcwgs-1-1.clmp.fp2_r2_screen	58.0	1.0	4.0	3.0	2.0	1.0	0.0	0.0	0.0	0.0	148.0	5457.0
Tzo-CMta_027-Ex1-12C-lcwgs-1-1.clmp.fp2_r1_screen	1470.0	69.0	155.0	106.0	76.0	24.0	18.0	5.0	0.0	0.0	5656.0	183325.0
Tzo-CMta_027-Ex1-12C-lcwgs-1-1.clmp.fp2_r2_screen	1514.0	65.0	184.0	110.0	66.0	24.0	12.0	4.0	0.0	0.0	5409.0	183516.0
Tzo-CMta_028-Ex1-12D-lcwgs-1-1.clmp.fp2_r1_screen	7.0	0.0	1.0	0.0	0.0	0.0	0.0	0.0	0.0	0.0	33.0	809.0
Tzo-CMta_028-Ex1-12D-lcwgs-1-1.clmp.fp2_r2_screen	11.0	0.0	0.0	0.0	0.0	0.0	0.0	0.0	0.0	0.0	30.0	809.0
Tzo-CMta_029-Ex1-12E-lcwgs-1-1.clmp.fp2_r1_screen	265.0	10.0	32.0	14.0	20.0	3.0	1.0	2.0	0.0	0.0	935.0	29095.0
Tzo-CMta_029-Ex1-12E-lcwgs-1-1.clmp.fp2_r2_screen	251.0	6.0	17.0	18.0	16.0	4.0	3.0	1.0	0.0	0.0	906.0	29155.0
Tzo-CMta_030-Ex1-12F-lcwgs-1-1.clmp.fp2_r1_screen	69.0	8.0	9.0	7.0	2.0	2.0	2.0	1.0	0.0	0.0	316.0	9284.0
Tzo-CMta_030-Ex1-12F-lcwgs-1-1.clmp.fp2_r2_screen	71.0	5.0	9.0	5.0	3.0	0.0	2.0	0.0	0.0	0.0	304.0	9301.0
Tzo-CMta_031-Ex1-12G-lcwgs-1-1.clmp.fp2_r1_screen	96.0	3.0	11.0	5.0	11.0	2.0	1.0	1.0	0.0	0.0	350.0	11188.0
Tzo-CMta_031-Ex1-12G-lcwgs-1-1.clmp.fp2_r2_screen	91.0	3.0	7.0	12.0	9.0	4.0	2.0	1.0	0.0	0.0	351.0	11188.0
Tzo-CMta_032-Ex1-12H-lcwgs-1-1.clmp.fp2_r1_screen	227.0	10.0	26.0	19.0	14.0	4.0	3.0	0.0	0.0	0.0	837.0	26801.0
Tzo-CMta_032-Ex1-12H-lcwgs-1-1.clmp.fp2_r2_screen	223.0	14.0	21.0	22.0	10.0	0.0	3.0	0.0	0.0	0.0	873.0	26775.0
Tzo-CMta_033-Ex1-1A-lcwgs-1-1.clmp.fp2_r1_screen	241.0	20.0	32.0	14.0	15.0	3.0	4.0	2.0	0.0	0.0	959.0	31946.0
Tzo-CMta_033-Ex1-1A-lcwgs-1-1.clmp.fp2_r2_screen	229.0	12.0	28.0	13.0	9.0	3.0	2.0	3.0	0.0	0.0	908.0	32029.0
Tzo-CMta_034-Ex1-1B-lcwgs-1-1.clmp.fp2_r1_screen	842.0	42.0	67.0	65.0	42.0	10.0	6.0	7.0	1.0	0.0	3127.0	95507.0
Tzo-CMta_034-Ex1-1B-lcwgs-1-1.clmp.fp2_r2_screen	819.0	42.0	82.0	64.0	42.0	9.0	11.0	3.0	0.0	0.0	3117.0	95527.0
Tzo-CMta_035-Ex1-1C-lcwgs-1-1.clmp.fp2_r1_screen	40.0	5.0	3.0	3.0	2.0	0.0	1.0	0.0	0.0	0.0	182.0	6974.0
Tzo-CMta_035-Ex1-1C-lcwgs-1-1.clmp.fp2_r2_screen	43.0	5.0	2.0	3.0	2.0	0.0	1.0	0.0	0.0	0.0	159.0	6995.0
Tzo-CMta_036-Ex1-1D-lcwgs-1-1.clmp.fp2_r1_screen	353.0	22.0	34.0	34.0	11.0	4.0	4.0	2.0	0.0	0.0	1305.0	51328.0
Tzo-CMta_036-Ex1-1D-lcwgs-1-1.clmp.fp2_r2_screen	353.0	18.0	40.0	24.0	16.0	0.0	2.0	1.0	0.0	0.0	1272.0	51371.0
Tzo-CMta_037-Ex1-1E-lcwgs-1-1.clmp.fp2_r1_screen	19.0	3.0	2.0	1.0	0.0	0.0	1.0	0.0	0.0	0.0	73.0	3321.0
Tzo-CMta_037-Ex1-1E-lcwgs-1-1.clmp.fp2_r2_screen	21.0	0.0	0.0	3.0	0.0	0.0	0.0	0.0	0.0	0.0	67.0	3329.0
Tzo-CMta_038-Ex1-1F-lcwgs-1-1.clmp.fp2_r1_screen	19.0	1.0	21.0	2.0	5.0	0.0	0.0	0.0	0.0	0.0	66.0	2419.0
Tzo-CMta_038-Ex1-1F-lcwgs-1-1.clmp.fp2_r2_screen	30.0	1.0	19.0	0.0	6.0	0.0	0.0	0.0	0.0	0.0	66.0	2411.0
Tzo-CMta_039-Ex1-1G-lcwgs-1-1.clmp.fp2_r1_screen	3245.0	141.0	363.0	258.0	227.0	39.0	45.0	13.0	0.0	0.0	12276.0	422731.0
Tzo-CMta_039-Ex1-1G-lcwgs-1-1.clmp.fp2_r2_screen	3261.0	128.0	349.0	237.0	192.0	41.0	37.0	16.0	1.0	0.0	11862.0	423214.0
Tzo-CMta_040-Ex1-1H-lcwgs-1-1.clmp.fp2_r1_screen	562.0	25.0	66.0	36.0	37.0	11.0	4.0	3.0	0.0	0.0	2069.0	71594.0
Tzo-CMta_040-Ex1-1H-lcwgs-1-1.clmp.fp2_r2_screen	579.0	22.0	57.0	45.0	43.0	7.0	8.0	2.0	0.0	0.0	2035.0	71609.0
Tzo-CMta_041-Ex1-2A-lcwgs-1-1.clmp.fp2_r1_screen	194.0	8.0	23.0	18.0	12.0	5.0	1.0	4.0	0.0	0.0	741.0	26037.0
Tzo-CMta_041-Ex1-2A-lcwgs-1-1.clmp.fp2_r2_screen	178.0	6.0	16.0	13.0	13.0	2.0	5.0	1.0	0.0	0.0	743.0	26066.0
Tzo-CMta_042-Ex1-2B-lcwgs-1-1.clmp.fp2_r1_screen	5505.0	280.0	594.0	403.0	331.0	62.0	71.0	25.0	0.0	0.0	21029.0	668724.0
Tzo-CMta_042-Ex1-2B-lcwgs-1-1.clmp.fp2_r2_screen	5469.0	305.0	543.0	394.0	340.0	78.0	68.0	31.0	3.0	0.0	20441.0	669352.0
Tzo-CMta_043-Ex1-2C-lcwgs-1-1.clmp.fp2_r1_screen	1986.0	127.0	256.0	172.0	117.0	14.0	35.0	5.0	3.0	0.0	7227.0	251677.0
Tzo-CMta_043-Ex1-2C-lcwgs-1-1.clmp.fp2_r2_screen	2000.0	115.0	239.0	143.0	106.0	30.0	36.0	7.0	1.0	0.0	7003.0	251939.0
Tzo-CMta_044-Ex1-2D-lcwgs-1-1.clmp.fp2_r1_screen	8034.0	405.0	872.0	596.0	437.0	104.0	108.0	38.0	2.0	0.0	28378.0	1055791.0
Tzo-CMta_044-Ex1-2D-lcwgs-1-1.clmp.fp2_r2_screen	8011.0	407.0	833.0	528.0	419.0	112.0	97.0	27.0	1.0	0.0	27773.0	1056557.0
Tzo-CMta_045-Ex1-2E-lcwgs-1-1.clmp.fp2_r1_screen	3535.0	199.0	426.0	277.0	219.0	44.0	54.0	16.0	0.0	0.0	13674.0	439222.0
Tzo-CMta_045-Ex1-2E-lcwgs-1-1.clmp.fp2_r2_screen	3561.0	183.0	377.0	272.0	196.0	43.0	54.0	18.0	0.0	0.0	13329.0	439633.0
Tzo-CMta_046-Ex1-2F-lcwgs-1-1.clmp.fp2_r1_screen	102.0	2.0	54.0	4.0	10.0	0.0	0.0	0.0	0.0	0.0	345.0	13260.0
Tzo-CMta_046-Ex1-2F-lcwgs-1-1.clmp.fp2_r2_screen	102.0	2.0	55.0	9.0	4.0	2.0	2.0	0.0	0.0	0.0	356.0	13245.0
Tzo-CMta_047-Ex1-2G-lcwgs-1-1.clmp.fp2_r1_screen	95.0	9.0	14.0	8.0	6.0	2.0	0.0	0.0	0.0	0.0	299.0	12251.0
Tzo-CMta_047-Ex1-2G-lcwgs-1-1.clmp.fp2_r2_screen	85.0	5.0	6.0	1.0	6.0	1.0	0.0	0.0	1.0	0.0	287.0	12292.0
Tzo-CMta_048-Ex1-2H-lcwgs-1-1.clmp.fp2_r1_screen	1249.0	59.0	154.0	92.0	66.0	19.0	22.0	3.0	1.0	0.0	4864.0	158329.0
Tzo-CMta_048-Ex1-2H-lcwgs-1-1.clmp.fp2_r2_screen	1316.0	58.0	146.0	101.0	71.0	18.0	23.0	7.0	0.0	0.0	4739.0	158379.0
Tzo-CMta_049-Ex1-3A-lcwgs-1-1.clmp.fp2_r1_screen	29.0	1.0	4.0	1.0	3.0	1.0	0.0	1.0	0.0	0.0	121.0	4200.0
Tzo-CMta_049-Ex1-3A-lcwgs-1-1.clmp.fp2_r2_screen	35.0	1.0	4.0	2.0	1.0	0.0	0.0	1.0	0.0	0.0	116.0	4201.0
Tzo-CMta_050-Ex1-3B-lcwgs-1-1.clmp.fp2_r1_screen	34.0	1.0	4.0	7.0	4.0	0.0	1.0	0.0	0.0	0.0	85.0	3959.0
Tzo-CMta_050-Ex1-3B-lcwgs-1-1.clmp.fp2_r2_screen	25.0	4.0	1.0	7.0	2.0	1.0	0.0	0.0	0.0	0.0	105.0	3950.0
Tzo-CMta_051-Ex1-3C-lcwgs-1-1.clmp.fp2_r1_screen	2613.0	145.0	297.0	205.0	150.0	34.0	35.0	7.0	0.0	0.0	9981.0	344677.0
Tzo-CMta_051-Ex1-3C-lcwgs-1-1.clmp.fp2_r2_screen	2684.0	141.0	300.0	212.0	129.0	24.0	25.0	14.0	2.0	0.0	9578.0	345035.0
Tzo-CMta_052-Ex1-3D-lcwgs-1-1.clmp.fp2_r1_screen	70.0	5.0	4.0	5.0	4.0	0.0	1.0	0.0	0.0	0.0	225.0	8461.0
Tzo-CMta_052-Ex1-3D-lcwgs-1-1.clmp.fp2_r2_screen	72.0	3.0	6.0	2.0	3.0	1.0	0.0	0.0	0.0	0.0	220.0	8468.0
Tzo-CMta_053-Ex1-3E-lcwgs-1-1.clmp.fp2_r1_screen	8648.0	449.0	974.0	641.0	503.0	120.0	126.0	28.0	2.0	0.0	32738.0	1167523.0
Tzo-CMta_053-Ex1-3E-lcwgs-1-1.clmp.fp2_r2_screen	8850.0	467.0	942.0	676.0	511.0	117.0	107.0	31.0	0.0	0.0	31559.0	1168492.0
Tzo-CMta_054-Ex1-3F-lcwgs-1-1.clmp.fp2_r1_screen	61.0	6.0	53.0	3.0	4.0	1.0	0.0	1.0	0.0	0.0	218.0	7875.0
Tzo-CMta_054-Ex1-3F-lcwgs-1-1.clmp.fp2_r2_screen	59.0	8.0	50.0	5.0	1.0	0.0	1.0	0.0	0.0	0.0	213.0	7885.0
Tzo-CMta_055-Ex1-3G-lcwgs-1-1.clmp.fp2_r1_screen	4108.0	216.0	437.0	304.0	253.0	38.0	49.0	14.0	0.0	0.0	14048.0	509502.0
Tzo-CMta_055-Ex1-3G-lcwgs-1-1.clmp.fp2_r2_screen	4104.0	222.0	436.0	301.0	256.0	55.0	44.0	19.0	0.0	0.0	13765.0	509767.0
Tzo-CMta_056-Ex1-3H-lcwgs-1-1.clmp.fp2_r1_screen	491.0	24.0	55.0	40.0	21.0	5.0	15.0	5.0	0.0	0.0	2005.0	63531.0
Tzo-CMta_056-Ex1-3H-lcwgs-1-1.clmp.fp2_r2_screen	507.0	20.0	54.0	37.0	18.0	4.0	10.0	4.0	0.0	0.0	1981.0	63557.0
Tzo-CMta_057-Ex1-4A-lcwgs-1-1.clmp.fp2_r1_screen	36.0	4.0	5.0	1.0	1.0	1.0	0.0	0.0	0.0	0.0	140.0	6013.0
Tzo-CMta_057-Ex1-4A-lcwgs-1-1.clmp.fp2_r2_screen	42.0	1.0	2.0	1.0	1.0	0.0	1.0	0.0	0.0	0.0	150.0	6003.0
Tzo-CMta_058-Ex1-4B-lcwgs-1-1.clmp.fp2_r1_screen	691.0	43.0	85.0	46.0	36.0	7.0	7.0	3.0	0.0	0.0	2268.0	84807.0
Tzo-CMta_058-Ex1-4B-lcwgs-1-1.clmp.fp2_r2_screen	638.0	45.0	76.0	49.0	34.0	9.0	6.0	4.0	0.0	0.0	2272.0	84860.0
Tzo-CMta_059-Ex1-4C-lcwgs-1-1.clmp.fp2_r1_screen	2222.0	140.0	212.0	177.0	134.0	29.0	41.0	8.0	1.0	0.0	8026.0	278960.0
Tzo-CMta_059-Ex1-4C-lcwgs-1-1.clmp.fp2_r2_screen	2248.0	145.0	216.0	167.0	123.0	30.0	31.0	11.0	2.0	0.0	7756.0	279221.0
Tzo-CMta_060-Ex1-4D-lcwgs-1-1.clmp.fp2_r1_screen	5061.0	229.0	527.0	362.0	277.0	71.0	57.0	20.0	2.0	0.0	17673.0	616307.0
Tzo-CMta_060-Ex1-4D-lcwgs-1-1.clmp.fp2_r2_screen	5032.0	241.0	496.0	382.0	284.0	70.0	74.0	31.0	1.0	0.0	17155.0	616820.0
Tzo-CMta_061-Ex1-4E-lcwgs-1-1.clmp.fp2_r1_screen	438.0	32.0	53.0	36.0	22.0	6.0	11.0	2.0	0.0	0.0	1680.0	57386.0
Tzo-CMta_061-Ex1-4E-lcwgs-1-1.clmp.fp2_r2_screen	421.0	32.0	49.0	41.0	28.0	3.0	6.0	4.0	0.0	0.0	1618.0	57464.0
Tzo-CMta_062-Ex1-4F-lcwgs-1-1.clmp.fp2_r1_screen	1576.0	92.0	210.0	128.0	86.0	22.0	20.0	6.0	2.0	0.0	5557.0	199239.0
Tzo-CMta_062-Ex1-4F-lcwgs-1-1.clmp.fp2_r2_screen	1506.0	95.0	228.0	124.0	80.0	20.0	26.0	7.0	0.0	0.0	5406.0	199446.0
Tzo-CMta_063-Ex1-4G-lcwgs-1-1.clmp.fp2_r1_screen	1386.0	81.0	162.0	107.0	77.0	14.0	14.0	6.0	0.0	0.0	5065.0	180904.0
Tzo-CMta_063-Ex1-4G-lcwgs-1-1.clmp.fp2_r2_screen	1380.0	73.0	130.0	91.0	90.0	11.0	16.0	6.0	0.0	0.0	4871.0	181148.0
Tzo-CMta_064-Ex1-4H-lcwgs-1-1.clmp.fp2_r1_screen	194.0	9.0	28.0	21.0	12.0	1.0	1.0	3.0	1.0	0.0	776.0	30250.0
Tzo-CMta_064-Ex1-4H-lcwgs-1-1.clmp.fp2_r2_screen	194.0	14.0	32.0	23.0	12.0	7.0	2.0	3.0	0.0	0.0	768.0	30241.0
Tzo-CMvi_006-Ex1-7B-lcwgs-1-1.clmp.fp2_r1_screen	17265.0	941.0	2267.0	1501.0	1244.0	279.0	233.0	103.0	0.0	0.0	70873.0	2558109.0
Tzo-CMvi_006-Ex1-7B-lcwgs-1-1.clmp.fp2_r2_screen	17060.0	901.0	2170.0	1441.0	1214.0	261.0	264.0	93.0	6.0	0.0	68113.0	2561292.0
Tzo-CMvi_007-Ex1-8E-lcwgs-1-1.clmp.fp2_r1_screen	5052.0	275.0	656.0	474.0	357.0	67.0	89.0	24.0	0.0	0.0	21788.0	795892.0
Tzo-CMvi_007-Ex1-8E-lcwgs-1-1.clmp.fp2_r2_screen	5257.0	301.0	661.0	425.0	329.0	103.0	64.0	26.0	1.0	0.0	20790.0	796717.0
Tzo-CMvi_011-Ex1-5G-lcwgs-1-1.clmp.fp2_r1_screen	11824.0	672.0	1570.0	970.0	838.0	186.0	212.0	57.0	2.0	0.0	48039.0	1708902.0
Tzo-CMvi_011-Ex1-5G-lcwgs-1-1.clmp.fp2_r2_screen	11956.0	631.0	1539.0	1018.0	747.0	190.0	179.0	47.0	0.0	0.0	45935.0	1711030.0
Tzo-CMvi_012-Ex1-1G-lcwgs-1-1.clmp.fp2_r1_screen	15590.0	535.0	2018.0	1322.0	1081.0	255.0	243.0	72.0	1.0	0.0	56400.0	2264357.0
Tzo-CMvi_012-Ex1-1G-lcwgs-1-1.clmp.fp2_r2_screen	15446.0	517.0	2011.0	1361.0	1034.0	256.0	219.0	60.0	4.0	0.0	54735.0	2266231.0
Tzo-CMvi_013-Ex1-2B-lcwgs-1-1.clmp.fp2_r1_screen	6989.0	246.0	855.0	548.0	433.0	118.0	132.0	29.0	0.0	0.0	27282.0	986594.0
Tzo-CMvi_013-Ex1-2B-lcwgs-1-1.clmp.fp2_r2_screen	7018.0	224.0	817.0	546.0	415.0	93.0	107.0	42.0	0.0	0.0	26244.0	987720.0
Tzo-CMvi_015-Ex1-2F-lcwgs-1-1.clmp.fp2_r1_screen	7369.0	201.0	934.0	599.0	473.0	110.0	108.0	47.0	1.0	0.0	31554.0	1022754.0
Tzo-CMvi_015-Ex1-2F-lcwgs-1-1.clmp.fp2_r2_screen	7426.0	224.0	840.0	575.0	437.0	90.0	96.0	35.0	0.0	0.0	29864.0	1024563.0
Tzo-CMvi_016-Ex1-1D-lcwgs-1-1.clmp.fp2_r1_screen	9430.0	297.0	1216.0	795.0	623.0	166.0	160.0	43.0	1.0	0.0	34664.0	1415390.0
Tzo-CMvi_016-Ex1-1D-lcwgs-1-1.clmp.fp2_r2_screen	9427.0	319.0	1194.0	762.0	594.0	147.0	150.0	35.0	2.0	0.0	33448.0	1416707.0
Tzo-CMvi_018-Ex1-1F-lcwgs-2-1.clmp.fp2_r1_screen	1235.0	760.0	148.0	97.0	61.0	12.0	23.0	4.0	0.0	0.0	4904.0	148187.0
Tzo-CMvi_018-Ex1-1F-lcwgs-2-1.clmp.fp2_r2_screen	1203.0	711.0	141.0	83.0	53.0	15.0	16.0	7.0	0.0	0.0	4626.0	148576.0
Tzo-CMvi_019-Ex1-1G-lcwgs-2-1.clmp.fp2_r1_screen	29.0	20.0	5.0	4.0	1.0	0.0	0.0	0.0	0.0	0.0	165.0	4434.0
Tzo-CMvi_019-Ex1-1G-lcwgs-2-1.clmp.fp2_r2_screen	20.0	23.0	6.0	2.0	2.0	0.0	1.0	0.0	0.0	0.0	140.0	4464.0
Tzo-CMvi_020-Ex1-7D-lcwgs-1-1.clmp.fp2_r1_screen	11004.0	438.0	1418.0	927.0	753.0	138.0	178.0	61.0	1.0	0.0	44348.0	1629214.0
Tzo-CMvi_020-Ex1-7D-lcwgs-1-1.clmp.fp2_r2_screen	11159.0	441.0	1324.0	837.0	707.0	152.0	168.0	34.0	2.0	0.0	42754.0	1630902.0
Tzo-CMvi_027-Ex1-1H-lcwgs-2-1.clmp.fp2_r1_screen	18.0	17.0	5.0	1.0	1.0	0.0	0.0	0.0	0.0	0.0	75.0	2557.0
Tzo-CMvi_027-Ex1-1H-lcwgs-2-1.clmp.fp2_r2_screen	18.0	20.0	5.0	2.0	1.0	0.0	0.0	0.0	0.0	0.0	69.0	2559.0
Tzo-CMvi_028-Ex1-2A-lcwgs-2-1.clmp.fp2_r1_screen	441.0	273.0	54.0	32.0	30.0	3.0	7.0	3.0	0.0	0.0	1860.0	56945.0
Tzo-CMvi_028-Ex1-2A-lcwgs-2-1.clmp.fp2_r2_screen	450.0	254.0	52.0	32.0	24.0	2.0	5.0	1.0	0.0	0.0	1799.0	57029.0
Tzo-CMvi_029-Ex1-3C-lcwgs-1-1.clmp.fp2_r1_screen	8353.0	357.0	1020.0	652.0	501.0	128.0	128.0	52.0	0.0	0.0	34644.0	1166711.0
Tzo-CMvi_029-Ex1-3C-lcwgs-1-1.clmp.fp2_r2_screen	8296.0	396.0	941.0	665.0	468.0	122.0	98.0	38.0	2.0	0.0	32869.0	1168651.0
Tzo-CMvi_030-Ex1-2H-lcwgs-1-1.clmp.fp2_r1_screen	9355.0	577.0	2030.0	782.0	611.0	146.0	142.0	45.0	1.0	0.0	39711.0	1344500.0
Tzo-CMvi_030-Ex1-2H-lcwgs-1-1.clmp.fp2_r2_screen	9590.0	586.0	2004.0	779.0	556.0	161.0	149.0	36.0	2.0	0.0	37580.0	1346457.0
Tzo-CMvi_031-Ex1-2B-lcwgs-2-1.clmp.fp2_r1_screen	7287.0	4036.0	925.0	591.0	444.0	129.0	104.0	33.0	1.0	0.0	31331.0	986858.0
Tzo-CMvi_031-Ex1-2B-lcwgs-2-1.clmp.fp2_r2_screen	7386.0	3983.0	906.0	546.0	416.0	103.0	91.0	25.0	1.0	0.0	29773.0	988509.0
Tzo-CMvi_032-Ex1-2C-lcwgs-2-1.clmp.fp2_r1_screen	1012.0	326.0	135.0	113.0	74.0	13.0	20.0	6.0	0.0	0.0	4359.0	143876.0
Tzo-CMvi_032-Ex1-2C-lcwgs-2-1.clmp.fp2_r2_screen	1094.0	335.0	141.0	86.0	62.0	17.0	12.0	9.0	0.0	0.0	4152.0	144026.0
Tzo-CMvi_033-Ex1-2D-lcwgs-2-1.clmp.fp2_r1_screen	65.0	23.0	5.0	6.0	4.0	2.0	1.0	0.0	0.0	0.0	251.0	8863.0
Tzo-CMvi_033-Ex1-2D-lcwgs-2-1.clmp.fp2_r2_screen	61.0	27.0	6.0	6.0	3.0	0.0	1.0	0.0	0.0	0.0	277.0	8839.0
Tzo-CMvi_034-Ex1-2E-lcwgs-2-1.clmp.fp2_r1_screen	31.0	15.0	4.0	2.0	1.0	0.0	0.0	0.0	0.0	0.0	94.0	4029.0
Tzo-CMvi_034-Ex1-2E-lcwgs-2-1.clmp.fp2_r2_screen	33.0	14.0	2.0	3.0	3.0	0.0	1.0	0.0	0.0	0.0	107.0	4013.0
Tzo-CMvi_035-Ex1-2F-lcwgs-2-1.clmp.fp2_r1_screen	551.0	456.0	107.0	29.0	33.0	6.0	8.0	1.0	0.0	0.0	2343.0	63269.0
Tzo-CMvi_035-Ex1-2F-lcwgs-2-1.clmp.fp2_r2_screen	545.0	447.0	97.0	32.0	32.0	5.0	10.0	4.0	0.0	0.0	2135.0	63496.0
Tzo-CMvi_038-Ex1-6B-lcwgs-1-1.clmp.fp2_r1_screen	3886.0	170.0	571.0	349.0	283.0	62.0	69.0	17.0	0.0	0.0	14855.0	605093.0
Tzo-CMvi_038-Ex1-6B-lcwgs-1-1.clmp.fp2_r2_screen	3987.0	176.0	535.0	317.0	234.0	45.0	72.0	18.0	0.0	0.0	14128.0	605843.0
Tzo-CMvi_040-Ex1-2G-lcwgs-2-1.clmp.fp2_r1_screen	17.0	2.0	1.0	4.0	0.0	0.0	0.0	0.0	0.0	0.0	77.0	2968.0
Tzo-CMvi_040-Ex1-2G-lcwgs-2-1.clmp.fp2_r2_screen	9.0	3.0	0.0	4.0	1.0	0.0	0.0	0.0	0.0	0.0	72.0	2980.0
Tzo-CMvi_041-Ex1-4D-lcwgs-1-1.clmp.fp2_r1_screen	4664.0	124.0	552.0	365.0	240.0	58.0	75.0	30.0	0.0	0.0	17743.0	646104.0
Tzo-CMvi_041-Ex1-4D-lcwgs-1-1.clmp.fp2_r2_screen	4707.0	143.0	533.0	367.0	285.0	68.0	73.0	24.0	0.0	0.0	17048.0	646707.0
Tzo-CMvi_042-Ex1-2H-lcwgs-2-1.clmp.fp2_r1_screen	372.0	1419.0	146.0	30.0	26.0	6.0	5.0	1.0	0.0	0.0	2209.0	40754.0
Tzo-CMvi_042-Ex1-2H-lcwgs-2-1.clmp.fp2_r2_screen	370.0	1471.0	142.0	27.0	22.0	5.0	9.0	2.0	0.0	0.0	1955.0	40965.0
Tzo-CMvi_044-Ex1-3A-lcwgs-2-1.clmp.fp2_r1_screen	860.0	483.0	93.0	62.0	54.0	7.0	5.0	2.0	0.0	0.0	3497.0	113212.0
Tzo-CMvi_044-Ex1-3A-lcwgs-2-1.clmp.fp2_r2_screen	873.0	459.0	95.0	62.0	38.0	16.0	14.0	2.0	0.0	0.0	3445.0	113271.0
Tzo-CMvi_045-Ex1-8B-lcwgs-1-1.clmp.fp2_r1_screen	12255.0	396.0	1505.0	954.0	781.0	174.0	186.0	70.0	1.0	0.0	49478.0	1751876.0
Tzo-CMvi_045-Ex1-8B-lcwgs-1-1.clmp.fp2_r2_screen	12093.0	392.0	1422.0	897.0	768.0	202.0	161.0	61.0	1.0	0.0	46895.0	1754784.0
Tzo-CMvi_046-Ex1-6E-lcwgs-1-1.clmp.fp2_r1_screen	8538.0	357.0	1111.0	709.0	630.0	123.0	130.0	40.0	2.0	0.0	32777.0	1261951.0
Tzo-CMvi_046-Ex1-6E-lcwgs-1-1.clmp.fp2_r2_screen	8518.0	367.0	1082.0	703.0	580.0	137.0	118.0	36.0	1.0	0.0	31177.0	1263649.0
Tzo-CMvi_047-Ex1-1F-lcwgs-1-1.clmp.fp2_r1_screen	6979.0	172.0	1691.0	618.0	480.0	113.0	112.0	34.0	1.0	0.0	25787.0	1031871.0
Tzo-CMvi_047-Ex1-1F-lcwgs-1-1.clmp.fp2_r2_screen	6986.0	205.0	1710.0	586.0	421.0	98.0	96.0	24.0	1.0	0.0	25113.0	1032618.0
Tzo-CMvi_048-Ex1-2A-lcwgs-1-1.clmp.fp2_r1_screen	7424.0	414.0	1648.0	602.0	483.0	109.0	112.0	39.0	1.0	0.0	29117.0	1054537.0
Tzo-CMvi_048-Ex1-2A-lcwgs-1-1.clmp.fp2_r2_screen	7368.0	422.0	1623.0	601.0	484.0	112.0	96.0	32.0	1.0	0.0	27678.0	1056069.0
Tzo-CMvi_049-Ex1-5B-lcwgs-1-1.clmp.fp2_r1_screen	6105.0	267.0	727.0	504.0	392.0	91.0	101.0	24.0	0.0	0.0	24344.0	869223.0
Tzo-CMvi_049-Ex1-5B-lcwgs-1-1.clmp.fp2_r2_screen	6219.0	246.0	730.0	499.0	348.0	97.0	103.0	22.0	1.0	0.0	23208.0	870305.0
Tzo-CMvi_050-Ex1-3B-lcwgs-2-1.clmp.fp2_r1_screen	189.0	109.0	39.0	21.0	18.0	4.0	4.0	2.0	0.0	0.0	937.0	29712.0
Tzo-CMvi_050-Ex1-3B-lcwgs-2-1.clmp.fp2_r2_screen	204.0	119.0	39.0	20.0	18.0	2.0	2.0	1.0	0.0	0.0	803.0	29827.0
Tzo-CMvi_051-Ex1-6H-lcwgs-1-1.clmp.fp2_r1_screen	5621.0	166.0	725.0	452.0	360.0	94.0	94.0	33.0	1.0	0.0	23135.0	794064.0
Tzo-CMvi_051-Ex1-6H-lcwgs-1-1.clmp.fp2_r2_screen	5669.0	186.0	676.0	448.0	349.0	79.0	97.0	29.0	1.0	0.0	22240.0	794971.0
Tzo-CMvi_052-Ex1-7E-lcwgs-1-1.clmp.fp2_r1_screen	5138.0	185.0	1007.0	416.0	351.0	86.0	76.0	18.0	0.0	0.0	20813.0	765407.0
Tzo-CMvi_052-Ex1-7E-lcwgs-1-1.clmp.fp2_r2_screen	5220.0	199.0	959.0	403.0	324.0	91.0	56.0	19.0	0.0	0.0	20105.0	766121.0
Tzo-CMvi_053-Ex1-3C-lcwgs-2-1.clmp.fp2_r1_screen	73.0	89.0	12.0	8.0	3.0	2.0	1.0	0.0	0.0	0.0	369.0	11703.0
Tzo-CMvi_053-Ex1-3C-lcwgs-2-1.clmp.fp2_r2_screen	96.0	77.0	18.0	7.0	6.0	0.0	1.0	1.0	0.0	0.0	354.0	11700.0
Tzo-CMvi_054-Ex1-3D-lcwgs-2-1.clmp.fp2_r1_screen	1009.0	161.0	138.0	74.0	69.0	12.0	7.0	4.0	0.0	0.0	4039.0	141891.0
Tzo-CMvi_054-Ex1-3D-lcwgs-2-1.clmp.fp2_r2_screen	1006.0	174.0	123.0	79.0	69.0	14.0	8.0	4.0	0.0	0.0	3889.0	142038.0
Tzo-CMvi_057-Ex1-1H-lcwgs-1-1.clmp.fp2_r1_screen	6122.0	391.0	748.0	480.0	392.0	91.0	81.0	31.0	2.0	0.0	22460.0	867083.0
Tzo-CMvi_057-Ex1-1H-lcwgs-1-1.clmp.fp2_r2_screen	6017.0	405.0	674.0	501.0	397.0	68.0	78.0	27.0	0.0	0.0	21823.0	867891.0
Tzo-CMvi_058-Ex1-3E-lcwgs-2-1.clmp.fp2_r1_screen	1645.0	678.0	232.0	112.0	109.0	20.0	26.0	7.0	1.0	0.0	6529.0	218339.0
Tzo-CMvi_058-Ex1-3E-lcwgs-2-1.clmp.fp2_r2_screen	1673.0	646.0	219.0	134.0	94.0	29.0	21.0	9.0	0.0	0.0	6192.0	218681.0
Tzo-CMvi_061-Ex1-3F-lcwgs-2-1.clmp.fp2_r1_screen	648.0	1096.0	99.0	64.0	39.0	11.0	10.0	5.0	0.0	0.0	3304.0	85833.0
Tzo-CMvi_061-Ex1-3F-lcwgs-2-1.clmp.fp2_r2_screen	690.0	1041.0	101.0	59.0	26.0	9.0	13.0	10.0	0.0	0.0	3053.0	86107.0
Tzo-CMvi_062-Ex1-3G-lcwgs-2-1.clmp.fp2_r1_screen	299.0	239.0	37.0	19.0	12.0	5.0	2.0	0.0	0.0	0.0	1207.0	36413.0
Tzo-CMvi_062-Ex1-3G-lcwgs-2-1.clmp.fp2_r2_screen	284.0	220.0	50.0	14.0	15.0	1.0	5.0	0.0	0.0	0.0	1163.0	36481.0
Tzo-CMvi_063-Ex1-7A-lcwgs-1-1.clmp.fp2_r1_screen	5935.0	208.0	724.0	498.0	389.0	87.0	82.0	32.0	1.0	0.0	22891.0	909596.0
Tzo-CMvi_063-Ex1-7A-lcwgs-1-1.clmp.fp2_r2_screen	6118.0	214.0	780.0	482.0	387.0	83.0	88.0	26.0	0.0	0.0	22011.0	910254.0
Tzo-CMvi_064-Ex1-3A-lcwgs-1-1.clmp.fp2_r1_screen	6843.0	406.0	800.0	506.0	371.0	112.0	119.0	27.0	1.0	0.0	27052.0	964762.0
Tzo-CMvi_064-Ex1-3A-lcwgs-1-1.clmp.fp2_r2_screen	6747.0	419.0	835.0	545.0	431.0	80.0	102.0	25.0	1.0	0.0	25951.0	965863.0
Tzo-CMvi_065-Ex1-1E-lcwgs-1-1.clmp.fp2_r1_screen	4883.0	164.0	639.0	415.0	336.0	80.0	76.0	14.0	0.0	0.0	19069.0	727276.0
Tzo-CMvi_065-Ex1-1E-lcwgs-1-1.clmp.fp2_r2_screen	4997.0	177.0	606.0	436.0	314.0	67.0	64.0	31.0	1.0	0.0	18155.0	728104.0
Tzo-CMvi_066-Ex1-5F-lcwgs-1-1.clmp.fp2_r1_screen	6527.0	194.0	882.0	549.0	458.0	97.0	119.0	24.0	1.0	0.0	27365.0	924411.0
Tzo-CMvi_066-Ex1-5F-lcwgs-1-1.clmp.fp2_r2_screen	6621.0	236.0	797.0	535.0	414.0	83.0	77.0	30.0	1.0	0.0	26077.0	925756.0
Tzo-CMvi_067-Ex1-6A-lcwgs-1-1.clmp.fp2_r1_screen	14530.0	661.0	2009.0	1205.0	1086.0	224.0	240.0	80.0	3.0	0.0	57398.0	2269085.0
Tzo-CMvi_067-Ex1-6A-lcwgs-1-1.clmp.fp2_r2_screen	14993.0	684.0	1926.0	1269.0	986.0	214.0	225.0	65.0	2.0	0.0	54960.0	2271197.0
Tzo-CMvi_068-Ex1-6F-lcwgs-1-1.clmp.fp2_r1_screen	3917.0	155.0	599.0	321.0	260.0	59.0	60.0	17.0	1.0	0.0	14741.0	559975.0
Tzo-CMvi_068-Ex1-6F-lcwgs-1-1.clmp.fp2_r2_screen	3868.0	137.0	518.0	376.0	241.0	64.0	59.0	19.0	0.0	0.0	14268.0	560555.0
Tzo-CMvi_069-Ex1-7G-lcwgs-1-1.clmp.fp2_r1_screen	7821.0	241.0	990.0	626.0	498.0	117.0	111.0	33.0	1.0	0.0	28166.0	1183028.0
Tzo-CMvi_069-Ex1-7G-lcwgs-1-1.clmp.fp2_r2_screen	7963.0	264.0	994.0	616.0	477.0	112.0	104.0	32.0	3.0	0.0	27306.0	1183761.0
Tzo-CMvi_070-Ex1-3H-lcwgs-2-1.clmp.fp2_r1_screen	11.0	1.0	2.0	3.0	0.0	0.0	0.0	0.0	0.0	0.0	40.0	1576.0
Tzo-CMvi_070-Ex1-3H-lcwgs-2-1.clmp.fp2_r2_screen	14.0	1.0	3.0	2.0	0.0	0.0	0.0	0.0	0.0	0.0	43.0	1570.0
Tzo-CMvi_071-Ex1-4A-lcwgs-2-1.clmp.fp2_r1_screen	321.0	179.0	45.0	21.0	27.0	5.0	3.0	2.0	0.0	0.0	1306.0	40873.0
Tzo-CMvi_071-Ex1-4A-lcwgs-2-1.clmp.fp2_r2_screen	337.0	165.0	41.0	23.0	19.0	2.0	2.0	1.0	0.0	0.0	1272.0	40920.0
Tzo-CMvi_075-Ex1-3D-lcwgs-1-1.clmp.fp2_r1_screen	8295.0	360.0	1054.0	758.0	537.0	143.0	142.0	37.0	2.0	0.0	36255.0	1175611.0
Tzo-CMvi_075-Ex1-3D-lcwgs-1-1.clmp.fp2_r2_screen	8353.0	354.0	997.0	723.0	537.0	151.0	148.0	34.0	2.0	0.0	34327.0	1177568.0
Tzo-CMvi_076-Ex1-5A-lcwgs-1-1.clmp.fp2_r1_screen	7748.0	309.0	930.0	620.0	488.0	120.0	139.0	41.0	0.0	0.0	31220.0	1117565.0
Tzo-CMvi_076-Ex1-5A-lcwgs-1-1.clmp.fp2_r2_screen	7794.0	299.0	903.0	674.0	463.0	128.0	109.0	37.0	3.0	0.0	29466.0	1119304.0
Tzo-CMvi_077-Ex1-6D-lcwgs-1-1.clmp.fp2_r1_screen	9751.0	686.0	1286.0	815.0	674.0	144.0	169.0	40.0	3.0	0.0	37340.0	1464190.0
Tzo-CMvi_077-Ex1-6D-lcwgs-1-1.clmp.fp2_r2_screen	10006.0	683.0	1189.0	838.0	668.0	145.0	166.0	47.0	0.0	0.0	35348.0	1466008.0
Tzo-CMvi_078-Ex1-4B-lcwgs-2-1.clmp.fp2_r1_screen	1830.0	763.0	229.0	158.0	121.0	32.0	22.0	12.0	0.0	0.0	7913.0	261132.0
Tzo-CMvi_078-Ex1-4B-lcwgs-2-1.clmp.fp2_r2_screen	1911.0	724.0	224.0	136.0	116.0	33.0	27.0	8.0	0.0	0.0	7465.0	261568.0
Tzo-CMvi_079-Ex1-7C-lcwgs-1-1.clmp.fp2_r1_screen	3400.0	171.0	396.0	239.0	221.0	51.0	46.0	15.0	1.0	0.0	13912.0	485676.0
Tzo-CMvi_079-Ex1-7C-lcwgs-1-1.clmp.fp2_r2_screen	3433.0	159.0	374.0	221.0	191.0	47.0	41.0	18.0	0.0	0.0	13363.0	486281.0
Tzo-CMvi_080-Ex1-4C-lcwgs-2-1.clmp.fp2_r1_screen	1096.0	245.0	135.0	76.0	68.0	14.0	13.0	4.0	0.0	0.0	4065.0	138981.0
Tzo-CMvi_080-Ex1-4C-lcwgs-2-1.clmp.fp2_r2_screen	1062.0	249.0	125.0	73.0	53.0	7.0	9.0	2.0	0.0	0.0	3977.0	139140.0
Tzo-CMvi_081-Ex1-4D-lcwgs-2-1.clmp.fp2_r1_screen	1183.0	289.0	148.0	96.0	67.0	18.0	24.0	6.0	0.0	0.0	4733.0	161307.0
Tzo-CMvi_081-Ex1-4D-lcwgs-2-1.clmp.fp2_r2_screen	1179.0	273.0	144.0	87.0	62.0	16.0	14.0	3.0	0.0	0.0	4719.0	161374.0
Tzo-CMvi_082-Ex1-6C-lcwgs-1-1.clmp.fp2_r1_screen	9005.0	402.0	1146.0	771.0	581.0	142.0	164.0	40.0	5.0	0.0	33677.0	1309011.0
Tzo-CMvi_082-Ex1-6C-lcwgs-1-1.clmp.fp2_r2_screen	8855.0	448.0	1117.0	719.0	523.0	137.0	124.0	38.0	4.0	0.0	32613.0	1310366.0
Tzo-CMvi_083-Ex1-4E-lcwgs-2-1.clmp.fp2_r1_screen	989.0	132.0	182.0	68.0	46.0	13.0	12.0	4.0	0.0	0.0	3797.0	124843.0
Tzo-CMvi_083-Ex1-4E-lcwgs-2-1.clmp.fp2_r2_screen	985.0	154.0	172.0	73.0	49.0	13.0	11.0	6.0	0.0	0.0	3624.0	124999.0
Tzo-CMvi_087-Ex1-2D-lcwgs-1-1.clmp.fp2_r1_screen	6522.0	254.0	822.0	547.0	413.0	106.0	108.0	33.0	1.0	0.0	26871.0	898257.0
Tzo-CMvi_087-Ex1-2D-lcwgs-1-1.clmp.fp2_r2_screen	6587.0	263.0	779.0	519.0	354.0	110.0	94.0	34.0	0.0	0.0	25536.0	899658.0
Tzo-CMvi_088-Ex1-4F-lcwgs-2-1.clmp.fp2_r1_screen	664.0	289.0	89.0	55.0	51.0	7.0	8.0	7.0	1.0	0.0	2796.0	88930.0
Tzo-CMvi_088-Ex1-4F-lcwgs-2-1.clmp.fp2_r2_screen	727.0	283.0	78.0	40.0	31.0	10.0	11.0	6.0	1.0	0.0	2604.0	89106.0
Tzo-CMvi_089-Ex1-5D-lcwgs-1-1.clmp.fp2_r1_screen	65827.0	2914.0	2647.0	1693.0	1347.0	490.0	324.0	122.0	5.0	0.0	88200.0	3107799.0
Tzo-CMvi_089-Ex1-5D-lcwgs-1-1.clmp.fp2_r2_screen	62806.0	2811.0	2443.0	1641.0	1274.0	492.0	273.0	123.0	4.0	0.0	84178.0	3115323.0
Tzo-CMvi_090-Ex1-3F-lcwgs-1-1.clmp.fp2_r1_screen	5586.0	165.0	742.0	467.0	368.0	87.0	81.0	28.0	1.0	0.0	22301.0	805620.0
Tzo-CMvi_090-Ex1-3F-lcwgs-1-1.clmp.fp2_r2_screen	5672.0	174.0	696.0	470.0	360.0	67.0	88.0	34.0	0.0	0.0	21513.0	806372.0
Tzo-CMvi_091-Ex1-2C-lcwgs-1-1.clmp.fp2_r1_screen	10109.0	513.0	1162.0	823.0	578.0	153.0	175.0	41.0	4.0	0.0	41347.0	1389956.0
Tzo-CMvi_091-Ex1-2C-lcwgs-1-1.clmp.fp2_r2_screen	10289.0	509.0	1124.0	757.0	562.0	144.0	158.0	38.0	1.0	0.0	39445.0	1391834.0
Tzo-CMvi_092-Ex1-4G-lcwgs-2-1.clmp.fp2_r1_screen	513.0	1573.0	52.0	37.0	29.0	12.0	5.0	1.0	0.0	0.0	2567.0	58550.0
Tzo-CMvi_092-Ex1-4G-lcwgs-2-1.clmp.fp2_r2_screen	494.0	1612.0	52.0	25.0	21.0	8.0	9.0	3.0	0.0	0.0	2381.0	58734.0
Tzo-CMvi_093-Ex1-4H-lcwgs-2-1.clmp.fp2_r1_screen	265.0	299.0	27.0	15.0	12.0	3.0	6.0	0.0	0.0	0.0	1165.0	31508.0
Tzo-CMvi_093-Ex1-4H-lcwgs-2-1.clmp.fp2_r2_screen	267.0	294.0	30.0	16.0	18.0	1.0	4.0	0.0	0.0	0.0	1085.0	31585.0
Tzo-CMvi_094-Ex1-8C-lcwgs-1-1.clmp.fp2_r1_screen	16294.0	699.0	2156.0	1391.0	1109.0	244.0	254.0	83.0	4.0	0.0	63966.0	2471647.0
Tzo-CMvi_094-Ex1-8C-lcwgs-1-1.clmp.fp2_r2_screen	16633.0	702.0	2034.0	1334.0	1014.0	258.0	251.0	67.0	5.0	0.0	60833.0	2474716.0
