Sample	FastQC_mqc-generalstats-fastqc-percent_duplicates	FastQC_mqc-generalstats-fastqc-percent_gc	FastQC_mqc-generalstats-fastqc-avg_sequence_length	FastQC_mqc-generalstats-fastqc-percent_fails	FastQC_mqc-generalstats-fastqc-total_sequences
Tzo-ABol_002-Ex1-2A-lcwgs-1-1.clmp.fp2_repr.R1	1.7823630899705165	39.0	92.78702107613401	0.0	660178.0
Tzo-ABol_002-Ex1-2A-lcwgs-1-1.clmp.fp2_repr.R2	1.3571092141317536	39.0	91.52253786100113	0.0	660178.0
Tzo-ABol_003-Ex1-3A-lcwgs-1-1.clmp.fp2_repr.R1	2.166544214028022	39.0	97.06341027077957	0.0	649532.0
Tzo-ABol_003-Ex1-3A-lcwgs-1-1.clmp.fp2_repr.R2	1.6277448419033504	39.0	95.46232826096328	0.0	649532.0
Tzo-ABol_008-Ex1-8A-lcwgs-1-1.clmp.fp2_repr.R1	2.749400800759645	38.0	99.30165772514994	0.0	2308706.0
Tzo-ABol_008-Ex1-8A-lcwgs-1-1.clmp.fp2_repr.R2	2.1880608612664787	38.0	97.4895175046108	0.0	2308706.0
Tzo-ABol_009-Ex1-9A-lcwgs-1-1.clmp.fp2_repr.R1	3.6180148463394914	42.0	103.77954333079118	0.0	2095346.0
Tzo-ABol_009-Ex1-9A-lcwgs-1-1.clmp.fp2_repr.R2	3.08346892724974	42.0	101.65855281180292	0.0	2095346.0
Tzo-ABol_010-Ex1-10A-lcwgs-1-1.clmp.fp2_repr.R1	2.2867893736530505	39.0	92.95695609724712	0.0	3481399.0
Tzo-ABol_010-Ex1-10A-lcwgs-1-1.clmp.fp2_repr.R2	1.798078471632607	39.0	91.63668915858251	0.0	3481399.0
Tzo-ABol_011-Ex1-11A-lcwgs-1-1.clmp.fp2_repr.R1	0.28625373043425384	39.0	97.13849808149095	9.090909090909092	16419.0
Tzo-ABol_011-Ex1-11A-lcwgs-1-1.clmp.fp2_repr.R2	0.21316767159997596	39.0	94.51775382179183	9.090909090909092	16419.0
Tzo-ABol_012-Ex1-12A-lcwgs-1-1.clmp.fp2_repr.R1	1.9140968828079679	38.0	92.26491688280755	0.0	948841.0
Tzo-ABol_012-Ex1-12A-lcwgs-1-1.clmp.fp2_repr.R2	1.5301821474756423	38.0	91.02752621355948	0.0	948841.0
Tzo-ABol_020-Ex1-8B-lcwgs-1-1.clmp.fp2_repr.R1	2.6123204404987774	38.0	94.26370087341823	0.0	3914276.0
Tzo-ABol_020-Ex1-8B-lcwgs-1-1.clmp.fp2_repr.R2	2.085311572484244	38.0	92.810292120433	0.0	3914276.0
Tzo-ABol_023-Ex1-11B-lcwgs-1-1.clmp.fp2_repr.R1	2.7796604605988904	38.0	96.59301755118406	0.0	4349792.0
Tzo-ABol_023-Ex1-11B-lcwgs-1-1.clmp.fp2_repr.R2	2.23528551902848	38.0	94.96241981225769	0.0	4349792.0
Tzo-ABol_024-Ex1-12B-lcwgs-1-1.clmp.fp2_repr.R1	0.39896881905228554	39.0	97.44972992879941	9.090909090909092	16292.0
Tzo-ABol_024-Ex1-12B-lcwgs-1-1.clmp.fp2_repr.R2	0.1902774367787856	39.0	94.74840412472379	9.090909090909092	16292.0
Tzo-ABol_026-Ex1-2C-lcwgs-1-1.clmp.fp2_repr.R1	2.2029771645678835	38.0	92.591919113807	0.0	1887986.0
Tzo-ABol_026-Ex1-2C-lcwgs-1-1.clmp.fp2_repr.R2	1.7147150129683553	38.0	91.27697610045837	0.0	1887986.0
Tzo-ABol_030-Ex1-6C-lcwgs-1-1.clmp.fp2_repr.R1	2.368144872016728	38.0	92.40971016156537	0.0	4076616.0
Tzo-ABol_030-Ex1-6C-lcwgs-1-1.clmp.fp2_repr.R2	1.8411789332128876	38.0	91.03479111105878	0.0	4076616.0
Tzo-ABol_034-Ex1-10C-lcwgs-1-1.clmp.fp2_repr.R1	2.2321130268485234	38.0	92.6686466992693	0.0	3934447.0
Tzo-ABol_034-Ex1-10C-lcwgs-1-1.clmp.fp2_repr.R2	1.8207928768513	38.0	91.17661999259363	0.0	3934447.0
Tzo-ABol_035-Ex1-11C-lcwgs-1-1.clmp.fp2_repr.R1	1.3824570766151822	38.0	92.18833255776532	0.0	229939.0
Tzo-ABol_035-Ex1-11C-lcwgs-1-1.clmp.fp2_repr.R2	1.0604362256582363	38.0	90.90355703034282	0.0	229939.0
Tzo-ABol_036-Ex1-12C-lcwgs-1-1.clmp.fp2_repr.R1	2.8147170148207863	40.0	92.7824959971798	0.0	4606752.0
Tzo-ABol_036-Ex1-12C-lcwgs-1-1.clmp.fp2_repr.R2	2.3220783642890694	40.0	91.3292933936969	0.0	4606752.0
Tzo-ABol_038-Ex1-2D-lcwgs-1-1.clmp.fp2_repr.R1	2.6811313762479045	39.0	98.46935353704299	9.090909090909092	2427409.0
Tzo-ABol_038-Ex1-2D-lcwgs-1-1.clmp.fp2_repr.R2	2.2558403118317187	39.0	96.83346564176041	9.090909090909092	2427409.0
Tzo-ABol_043-Ex1-7D-lcwgs-1-1.clmp.fp2_repr.R1	1.783625016339414	39.0	89.020357306459	0.0	2346725.0
Tzo-ABol_043-Ex1-7D-lcwgs-1-1.clmp.fp2_repr.R2	1.4290491536606282	39.0	87.95454985138863	0.0	2346725.0
Tzo-ABol_044-Ex1-8D-lcwgs-1-1.clmp.fp2_repr.R1	4.917558911707047	43.0	97.11085256935979	0.0	4037173.0
Tzo-ABol_044-Ex1-8D-lcwgs-1-1.clmp.fp2_repr.R2	4.215845540354067	43.0	95.17888978252851	0.0	4037173.0
Tzo-ABol_045-Ex1-9D-lcwgs-1-1.clmp.fp2_repr.R1	1.8813753072812318	39.0	87.82755112034911	0.0	2572948.0
Tzo-ABol_045-Ex1-9D-lcwgs-1-1.clmp.fp2_repr.R2	1.4841723375798637	39.0	86.80704740243488	0.0	2572948.0
Tzo-ABol_046-Ex1-10D-lcwgs-1-1.clmp.fp2_repr.R1	1.466893277676533	40.0	86.2936439335712	0.0	814466.0
Tzo-ABol_046-Ex1-10D-lcwgs-1-1.clmp.fp2_repr.R2	1.0842656114007099	40.0	85.28058261486667	0.0	814466.0
Tzo-ABol_047-Ex1-11D-lcwgs-1-1.clmp.fp2_repr.R1	2.7589887493926426	39.0	96.23701678359711	0.0	3835471.0
Tzo-ABol_047-Ex1-11D-lcwgs-1-1.clmp.fp2_repr.R2	2.2976262674935413	39.0	94.60754702616705	0.0	3835471.0
Tzo-ABol_048-Ex1-12D-lcwgs-1-1.clmp.fp2_repr.R1	1.8459207750167508	38.0	94.98845059545584	0.0	984120.0
Tzo-ABol_048-Ex1-12D-lcwgs-1-1.clmp.fp2_repr.R2	1.508694161471368	38.0	93.53113339836605	0.0	984120.0
Tzo-ABol_050-Ex1-2E-lcwgs-1-1.clmp.fp2_repr.R1	2.1329697589378185	39.0	92.67118948493005	0.0	1761586.0
Tzo-ABol_050-Ex1-2E-lcwgs-1-1.clmp.fp2_repr.R2	1.6279072066381417	39.0	91.33813052556049	0.0	1761586.0
Tzo-ABol_051-Ex1-3E-lcwgs-1-1.clmp.fp2_repr.R1	1.7882053698190816	39.0	89.3821570977572	0.0	765918.0
Tzo-ABol_051-Ex1-3E-lcwgs-1-1.clmp.fp2_repr.R2	1.3381384914346484	39.0	88.14210659626748	0.0	765918.0
Tzo-ABol_052-Ex1-4E-lcwgs-1-1.clmp.fp2_repr.R1	1.82343641319288	39.0	86.38151946954139	0.0	1919999.0
Tzo-ABol_052-Ex1-4E-lcwgs-1-1.clmp.fp2_repr.R2	1.4239811833635088	39.0	85.38064655242007	0.0	1919999.0
Tzo-ABol_053-Ex1-5E-lcwgs-1-1.clmp.fp2_repr.R1	2.283525563827837	38.0	89.5911935224066	0.0	6506120.0
Tzo-ABol_053-Ex1-5E-lcwgs-1-1.clmp.fp2_repr.R2	1.8283830271231523	38.0	88.33722264575508	0.0	6506120.0
Tzo-ABol_054-Ex1-6E-lcwgs-1-1.clmp.fp2_repr.R1	2.9915494110279326	40.0	97.38117987916061	0.0	5848921.0
Tzo-ABol_054-Ex1-6E-lcwgs-1-1.clmp.fp2_repr.R2	2.53292502077079	40.0	95.57528422763788	0.0	5848921.0
Tzo-ABol_055-Ex1-7E-lcwgs-1-1.clmp.fp2_repr.R1	2.2459728285745086	38.0	94.74303675692306	0.0	2177685.0
Tzo-ABol_055-Ex1-7E-lcwgs-1-1.clmp.fp2_repr.R2	1.787030580783906	38.0	93.28696253131191	0.0	2177685.0
Tzo-ABol_056-Ex1-8E-lcwgs-1-1.clmp.fp2_repr.R1	2.058162862159236	38.0	91.56823916144822	0.0	1347943.0
Tzo-ABol_056-Ex1-8E-lcwgs-1-1.clmp.fp2_repr.R2	1.6198036578228994	38.0	90.21529322827449	0.0	1347943.0
Tzo-ABol_057-Ex1-9E-lcwgs-1-1.clmp.fp2_repr.R1	2.7566537304675336	39.0	95.77479650292594	0.0	4870586.0
Tzo-ABol_057-Ex1-9E-lcwgs-1-1.clmp.fp2_repr.R2	2.241391482913315	39.0	94.16578539009474	0.0	4870586.0
Tzo-ABol_058-Ex1-10E-lcwgs-1-1.clmp.fp2_repr.R1	1.742948384598236	38.0	90.3294486675255	0.0	1406556.0
Tzo-ABol_058-Ex1-10E-lcwgs-1-1.clmp.fp2_repr.R2	1.4152352629172782	38.0	89.06931967159501	0.0	1406556.0
Tzo-ABol_059-Ex1-11E-lcwgs-1-1.clmp.fp2_repr.R1	1.961072425633347	38.0	90.95496847073653	0.0	1167804.0
Tzo-ABol_059-Ex1-11E-lcwgs-1-1.clmp.fp2_repr.R2	1.5596149403685615	38.0	89.62164113155974	0.0	1167804.0
Tzo-ABol_060-Ex1-12E-lcwgs-1-1.clmp.fp2_repr.R1	1.8578412113998013	38.0	92.67098838599316	0.0	1187876.0
Tzo-ABol_060-Ex1-12E-lcwgs-1-1.clmp.fp2_repr.R2	1.459415160354311	38.0	91.36624108913725	0.0	1187876.0
Tzo-ABol_061-Ex1-1F-lcwgs-1-1.clmp.fp2_repr.R1	1.6348702532885682	39.0	86.74700445771225	0.0	1239425.0
Tzo-ABol_061-Ex1-1F-lcwgs-1-1.clmp.fp2_repr.R2	1.2738496229400624	39.0	85.79807491377049	0.0	1239425.0
Tzo-ABol_062-Ex1-2F-lcwgs-1-1.clmp.fp2_repr.R1	1.782273286754915	40.0	85.17570334998418	0.0	4144736.0
Tzo-ABol_062-Ex1-2F-lcwgs-1-1.clmp.fp2_repr.R2	1.3271072780450623	40.0	84.34144563127784	0.0	4144736.0
Tzo-ABol_063-Ex1-3F-lcwgs-1-1.clmp.fp2_repr.R1	0.48465806537871003	39.0	89.71217995855338	9.090909090909092	29918.0
Tzo-ABol_063-Ex1-3F-lcwgs-1-1.clmp.fp2_repr.R2	0.3643291663881172	39.0	88.28093455444883	9.090909090909092	29918.0
Tzo-ABol_065-Ex1-5F-lcwgs-1-1.clmp.fp2_repr.R1	1.9440150564263234	39.0	89.0187421332232	0.0	2128413.0
Tzo-ABol_065-Ex1-5F-lcwgs-1-1.clmp.fp2_repr.R2	1.524684644406122	39.0	87.91244462423411	0.0	2128413.0
Tzo-ABol_066-Ex1-6F-lcwgs-1-1.clmp.fp2_repr.R1	1.7816085308658387	38.0	88.3959087377856	0.0	1781504.0
Tzo-ABol_066-Ex1-6F-lcwgs-1-1.clmp.fp2_repr.R2	1.5112402236488123	38.0	87.21424986977296	0.0	1781504.0
Tzo-ABol_067-Ex1-7F-lcwgs-1-1.clmp.fp2_repr.R1	1.7354240363734732	38.0	85.19271718618076	0.0	1889105.0
Tzo-ABol_067-Ex1-7F-lcwgs-1-1.clmp.fp2_repr.R2	1.313724038484537	38.0	84.2457692928662	0.0	1889105.0
Tzo-ABol_068-Ex1-8F-lcwgs-1-1.clmp.fp2_repr.R1	3.1221372399059675	41.0	93.31338279728807	0.0	2691657.0
Tzo-ABol_068-Ex1-8F-lcwgs-1-1.clmp.fp2_repr.R2	2.540542619991001	41.0	91.76611878853807	0.0	2691657.0
Tzo-ABol_069-Ex1-9F-lcwgs-1-1.clmp.fp2_repr.R1	2.0866924527000066	38.0	88.62818872840734	0.0	3303668.0
Tzo-ABol_069-Ex1-9F-lcwgs-1-1.clmp.fp2_repr.R2	1.7014263889938661	38.0	87.50273998476844	0.0	3303668.0
Tzo-ABol_070-Ex1-10F-lcwgs-1-1.clmp.fp2_repr.R1	2.0014015858085514	38.0	92.02104504900001	0.0	1148061.0
Tzo-ABol_070-Ex1-10F-lcwgs-1-1.clmp.fp2_repr.R2	1.5559416119704537	38.0	90.75040176436617	0.0	1148061.0
Tzo-ABol_071-Ex1-11F-lcwgs-1-1.clmp.fp2_repr.R1	1.6825010338512527	38.0	89.19011130361014	0.0	726122.0
Tzo-ABol_071-Ex1-11F-lcwgs-1-1.clmp.fp2_repr.R2	1.2859108844243394	38.0	88.10842806029841	0.0	726122.0
Tzo-ABol_072-Ex1-12F-lcwgs-1-1.clmp.fp2_repr.R1	2.3874215184865477	38.0	93.64677392492348	0.0	1567121.0
Tzo-ABol_072-Ex1-12F-lcwgs-1-1.clmp.fp2_repr.R2	1.8889013334758715	38.0	92.29893288393174	0.0	1567121.0
Tzo-ABol_073-Ex1-1G-lcwgs-1-1.clmp.fp2_repr.R1	2.0149658859593416	39.0	90.3918262691966	0.0	1518303.0
Tzo-ABol_073-Ex1-1G-lcwgs-1-1.clmp.fp2_repr.R2	1.5711406501330174	39.0	89.26506303419015	0.0	1518303.0
Tzo-ABol_075-Ex1-3G-lcwgs-1-1.clmp.fp2_repr.R1	1.9635651988861014	39.0	85.0369174085169	0.0	4864751.0
Tzo-ABol_075-Ex1-3G-lcwgs-1-1.clmp.fp2_repr.R2	1.4713919903605586	39.0	84.12572668159171	0.0	4864751.0
Tzo-ABol_076-Ex1-4G-lcwgs-1-1.clmp.fp2_repr.R1	1.7557873156608679	40.0	83.52806327914567	0.0	3491324.0
Tzo-ABol_076-Ex1-4G-lcwgs-1-1.clmp.fp2_repr.R2	1.3520026610262619	40.0	82.7657539088323	0.0	3491324.0
Tzo-ABol_077-Ex1-5G-lcwgs-1-1.clmp.fp2_repr.R1	2.095738280588506	38.0	95.10915873650481	0.0	1353167.0
Tzo-ABol_077-Ex1-5G-lcwgs-1-1.clmp.fp2_repr.R2	1.6278758542612906	38.0	93.69483293636335	0.0	1353167.0
Tzo-ABol_078-Ex1-6G-lcwgs-1-1.clmp.fp2_repr.R1	2.1801307014240052	38.0	94.15765839176424	0.0	2037164.0
Tzo-ABol_078-Ex1-6G-lcwgs-1-1.clmp.fp2_repr.R2	1.6753771042886285	38.0	92.77537400032594	0.0	2037164.0
Tzo-ABol_079-Ex1-7G-lcwgs-1-1.clmp.fp2_repr.R1	2.203045580622458	38.0	94.97186364863964	0.0	1514411.0
Tzo-ABol_079-Ex1-7G-lcwgs-1-1.clmp.fp2_repr.R2	1.8781655864745233	38.0	93.52860154872093	0.0	1514411.0
Tzo-ABol_080-Ex1-8G-lcwgs-1-1.clmp.fp2_repr.R1	2.850775537961809	38.0	95.7789608987704	0.0	5511975.0
Tzo-ABol_080-Ex1-8G-lcwgs-1-1.clmp.fp2_repr.R2	2.294511016405579	38.0	94.14931181654488	0.0	5511975.0
Tzo-ABol_081-Ex1-9G-lcwgs-1-1.clmp.fp2_repr.R1	2.514670029150352	38.0	94.5968033366023	0.0	3209972.0
Tzo-ABol_081-Ex1-9G-lcwgs-1-1.clmp.fp2_repr.R2	1.9444537817701786	38.0	93.18544741200235	0.0	3209972.0
Tzo-ABol_082-Ex1-10G-lcwgs-1-1.clmp.fp2_repr.R1	4.113810943694418	43.0	97.10977452400381	0.0	1214453.0
Tzo-ABol_082-Ex1-10G-lcwgs-1-1.clmp.fp2_repr.R2	3.309883543620245	43.0	95.29674017850012	0.0	1214453.0
Tzo-ABol_083-Ex1-11G-lcwgs-1-1.clmp.fp2_repr.R1	2.447194742624987	39.0	96.74065990029867	0.0	1449128.0
Tzo-ABol_083-Ex1-11G-lcwgs-1-1.clmp.fp2_repr.R2	1.9460287792298345	39.0	95.26390698406215	0.0	1449128.0
Tzo-ABol_084-Ex1-12G-lcwgs-1-1.clmp.fp2_repr.R1	2.059398795346297	38.0	91.35802952849366	0.0	2386373.0
Tzo-ABol_084-Ex1-12G-lcwgs-1-1.clmp.fp2_repr.R2	1.6598005140106409	38.0	90.19886916253243	0.0	2386373.0
Tzo-ABol_085-Ex1-1H-lcwgs-1-1.clmp.fp2_repr.R1	1.7641074477761123	39.0	87.76067612877878	0.0	1791848.0
Tzo-ABol_085-Ex1-1H-lcwgs-1-1.clmp.fp2_repr.R2	1.3804459245258442	39.0	86.80012869395172	0.0	1791848.0
Tzo-ABol_086-Ex1-2H-lcwgs-1-1.clmp.fp2_repr.R1	2.2962689906336777	42.0	93.92734984879462	0.0	1159681.0
Tzo-ABol_086-Ex1-2H-lcwgs-1-1.clmp.fp2_repr.R2	1.8360773877256804	42.0	92.62872376110327	0.0	1159681.0
Tzo-ABol_087-Ex1-3H-lcwgs-1-1.clmp.fp2_repr.R1	2.0966778720828927	39.0	89.19552702458502	0.0	1975553.0
Tzo-ABol_087-Ex1-3H-lcwgs-1-1.clmp.fp2_repr.R2	1.5857284767904645	39.0	88.12963762551549	0.0	1975553.0
Tzo-ABol_088-Ex1-4H-lcwgs-1-1.clmp.fp2_repr.R1	2.1674942326841204	40.0	91.17480362358886	0.0	1013360.0
Tzo-ABol_088-Ex1-4H-lcwgs-1-1.clmp.fp2_repr.R2	1.7469400340927592	40.0	89.9587362832557	0.0	1013360.0
Tzo-ABol_090-Ex1-6H-lcwgs-1-1.clmp.fp2_repr.R1	1.2757723556860157	41.0	85.34573121739426	9.090909090909092	265099.0
Tzo-ABol_090-Ex1-6H-lcwgs-1-1.clmp.fp2_repr.R2	0.9074980889446067	41.0	84.47450197850614	9.090909090909092	265099.0
Tzo-ABol_091-Ex1-7H-lcwgs-1-1.clmp.fp2_repr.R1	2.100251503076393	39.0	94.38447358106485	0.0	1186365.0
Tzo-ABol_091-Ex1-7H-lcwgs-1-1.clmp.fp2_repr.R2	1.6187389355902297	39.0	93.09283567873294	0.0	1186365.0
Tzo-ABol_092-Ex1-8H-lcwgs-1-1.clmp.fp2_repr.R1	2.3887225245414356	39.0	96.12741033680237	0.0	1314391.0
Tzo-ABol_092-Ex1-8H-lcwgs-1-1.clmp.fp2_repr.R2	1.8737422060528672	39.0	94.70753527679359	0.0	1314391.0
Tzo-ABol_093-Ex1-9H-lcwgs-1-1.clmp.fp2_repr.R1	2.144618615772856	39.0	98.57450909600861	0.0	670294.0
Tzo-ABol_093-Ex1-9H-lcwgs-1-1.clmp.fp2_repr.R2	1.7106061366564518	39.0	96.92796742921763	0.0	670294.0
Tzo-ABol_095-Ex1-11H-lcwgs-1-1.clmp.fp2_repr.R1	1.9733173536608746	39.0	97.53964224231751	0.0	505370.0
Tzo-ABol_095-Ex1-11H-lcwgs-1-1.clmp.fp2_repr.R2	1.5942890212982945	39.0	95.99224528563231	0.0	505370.0
Tzo-ABol_096-Ex1-12H-lcwgs-1-1.clmp.fp2_repr.R1	2.251086165451966	39.0	96.75656070084565	0.0	822435.0
Tzo-ABol_096-Ex1-12H-lcwgs-1-1.clmp.fp2_repr.R2	1.7860066893556592	39.0	95.30931806160973	0.0	822435.0
Tzo-AMta_001-Ex1-5D-lcwgs-1-1.clmp.fp2_repr.R1	1.9796192187822754	42.0	82.39504790154413	0.0	2354517.0
Tzo-AMta_001-Ex1-5D-lcwgs-1-1.clmp.fp2_repr.R2	1.4977643797053588	42.0	81.47607513557982	0.0	2354517.0
Tzo-AMta_002-Ex1-5E-lcwgs-1-1.clmp.fp2_repr.R1	2.090107441402594	40.0	86.15618867587268	0.0	5191676.0
Tzo-AMta_002-Ex1-5E-lcwgs-1-1.clmp.fp2_repr.R2	1.706936478820765	40.0	85.0733597397064	0.0	5191676.0
Tzo-AMta_003-Ex1-5F-lcwgs-1-1.clmp.fp2_repr.R1	4.451666933294547	43.0	89.75841009814361	0.0	7218911.0
Tzo-AMta_003-Ex1-5F-lcwgs-1-1.clmp.fp2_repr.R2	3.688585802968106	43.0	88.35055869230138	0.0	7218911.0
Tzo-AMta_004-Ex1-5G-lcwgs-1-1.clmp.fp2_repr.R1	2.2470974859511585	41.0	86.45542855562041	0.0	4301577.0
Tzo-AMta_004-Ex1-5G-lcwgs-1-1.clmp.fp2_repr.R2	1.821597568730482	41.0	85.42560251740234	0.0	4301577.0
Tzo-AMta_005-Ex1-5H-lcwgs-1-1.clmp.fp2_repr.R1	1.799529858379799	40.0	83.7001559989536	0.0	5309651.0
Tzo-AMta_005-Ex1-5H-lcwgs-1-1.clmp.fp2_repr.R2	1.435251234266687	40.0	82.71264778042851	0.0	5309651.0
Tzo-AMta_006-Ex1-1B-lcwgs-2-1.clmp.fp2_repr.R1	0.666410374094113	41.0	64.04723621009634	9.090909090909092	654138.0
Tzo-AMta_006-Ex1-1B-lcwgs-2-1.clmp.fp2_repr.R2	0.4913093344125059	41.0	63.719027177751485	9.090909090909092	654138.0
Tzo-AMta_006-Ex1-6A-lcwgs-1-1.clmp.fp2_repr.R1	1.9233616348941212	40.0	86.09778774285905	0.0	1465562.0
Tzo-AMta_006-Ex1-6A-lcwgs-1-1.clmp.fp2_repr.R2	1.4692886587296528	40.0	85.15708376718283	0.0	1465562.0
Tzo-AMta_007-Ex1-6B-lcwgs-1-1.clmp.fp2_repr.R1	2.097255786492852	41.0	87.27641504408358	0.0	5049613.0
Tzo-AMta_007-Ex1-6B-lcwgs-1-1.clmp.fp2_repr.R2	1.6746137202153761	41.0	86.2243167941781	0.0	5049613.0
Tzo-AMta_008-Ex1-6C-lcwgs-1-1.clmp.fp2_repr.R1	1.8804456451608758	40.0	84.1398766889341	0.0	5012851.0
Tzo-AMta_008-Ex1-6C-lcwgs-1-1.clmp.fp2_repr.R2	1.5149209471230733	40.0	83.26714538293677	0.0	5012851.0
Tzo-AMta_009-Ex1-6D-lcwgs-1-1.clmp.fp2_repr.R1	1.894264270563312	40.0	85.83262150845827	0.0	5220151.0
Tzo-AMta_009-Ex1-6D-lcwgs-1-1.clmp.fp2_repr.R2	1.4841590492628285	40.0	84.8778018107139	0.0	5220151.0
Tzo-AMta_010-Ex1-6E-lcwgs-1-1.clmp.fp2_repr.R1	1.929742966020541	39.0	84.63867188785663	0.0	5317051.0
Tzo-AMta_010-Ex1-6E-lcwgs-1-1.clmp.fp2_repr.R2	1.5137636929583351	39.0	83.72614500030186	0.0	5317051.0
Tzo-AMta_011-Ex1-6F-lcwgs-1-1.clmp.fp2_repr.R1	1.0859504132231308	40.0	89.12357024793388	9.090909090909092	60500.0
Tzo-AMta_011-Ex1-6F-lcwgs-1-1.clmp.fp2_repr.R2	0.7520661157024762	40.0	87.83626446280992	9.090909090909092	60500.0
Tzo-AMta_012-Ex1-6G-lcwgs-1-1.clmp.fp2_repr.R1	2.059201333981889	40.0	89.32342157868666	0.0	3617792.0
Tzo-AMta_012-Ex1-6G-lcwgs-1-1.clmp.fp2_repr.R2	1.5701167814479362	40.0	88.22907922843547	0.0	3617792.0
Tzo-AMta_013-Ex1-6H-lcwgs-1-1.clmp.fp2_repr.R1	1.6947170879891047	40.0	83.11745437316667	0.0	3742151.0
Tzo-AMta_013-Ex1-6H-lcwgs-1-1.clmp.fp2_repr.R2	1.2763715521345063	40.0	82.21764060295803	0.0	3742151.0
Tzo-AMta_014-Ex1-7A-lcwgs-1-1.clmp.fp2_repr.R1	1.9466119665498383	39.0	86.24257775091054	0.0	3182728.0
Tzo-AMta_014-Ex1-7A-lcwgs-1-1.clmp.fp2_repr.R2	1.4876069085916157	39.0	85.24260037301335	0.0	3182728.0
Tzo-AMta_015-Ex1-7B-lcwgs-1-1.clmp.fp2_repr.R1	2.153682311293167	38.0	87.70750808488461	0.0	5986480.0
Tzo-AMta_015-Ex1-7B-lcwgs-1-1.clmp.fp2_repr.R2	1.6631390946633218	38.0	86.6198293487993	0.0	5986480.0
Tzo-AMta_016-Ex1-7C-lcwgs-1-1.clmp.fp2_repr.R1	1.8915796902254698	40.0	86.15439395914892	0.0	3589428.0
Tzo-AMta_016-Ex1-7C-lcwgs-1-1.clmp.fp2_repr.R2	1.4382460722553674	40.0	85.2398423927155	0.0	3589428.0
Tzo-AMta_017-Ex1-7D-lcwgs-1-1.clmp.fp2_repr.R1	2.1974634676477365	42.0	86.76098153115144	0.0	5039188.0
Tzo-AMta_017-Ex1-7D-lcwgs-1-1.clmp.fp2_repr.R2	1.6599395350068988	42.0	85.75465332906809	0.0	5039188.0
Tzo-AMta_018-Ex1-7E-lcwgs-1-1.clmp.fp2_repr.R1	1.418555969771802	39.0	80.83123718425702	0.0	3521060.0
Tzo-AMta_018-Ex1-7E-lcwgs-1-1.clmp.fp2_repr.R2	1.065379808268787	39.0	80.08769660272759	0.0	3521060.0
Tzo-AMta_019-Ex1-7F-lcwgs-1-1.clmp.fp2_repr.R1	1.661405918403176	39.0	84.62318693690138	0.0	3482849.0
Tzo-AMta_019-Ex1-7F-lcwgs-1-1.clmp.fp2_repr.R2	1.2841974449397355	39.0	83.72956852278121	0.0	3482849.0
Tzo-AMta_020-Ex1-7G-lcwgs-1-1.clmp.fp2_repr.R1	1.712438233986532	39.0	84.94095956194472	0.0	4262841.0
Tzo-AMta_020-Ex1-7G-lcwgs-1-1.clmp.fp2_repr.R2	1.357360637772615	39.0	84.08866434380265	0.0	4262841.0
Tzo-AMta_021-Ex1-7H-lcwgs-1-1.clmp.fp2_repr.R1	1.632708011765942	40.0	83.8758794866124	0.0	2803340.0
Tzo-AMta_021-Ex1-7H-lcwgs-1-1.clmp.fp2_repr.R2	1.2468757206299586	40.0	83.02208472750362	0.0	2803340.0
Tzo-AMta_022-Ex1-8A-lcwgs-1-1.clmp.fp2_repr.R1	2.1873835443762033	39.0	86.97977636034835	0.0	5335637.0
Tzo-AMta_022-Ex1-8A-lcwgs-1-1.clmp.fp2_repr.R2	1.6908460634534919	39.0	85.9245201650712	0.0	5335637.0
Tzo-AMta_023-Ex1-8B-lcwgs-1-1.clmp.fp2_repr.R1	1.491687187871264	38.0	81.43108819994964	0.0	3975161.0
Tzo-AMta_023-Ex1-8B-lcwgs-1-1.clmp.fp2_repr.R2	1.1644869419417034	38.0	80.59306579029126	0.0	3975161.0
Tzo-AMta_024-Ex1-8C-lcwgs-1-1.clmp.fp2_repr.R1	1.6469360307368817	39.0	83.49808486313896	0.0	3530296.0
Tzo-AMta_024-Ex1-8C-lcwgs-1-1.clmp.fp2_repr.R2	1.2668228516788815	39.0	82.60091901642242	0.0	3530296.0
Tzo-AMta_025-Ex1-1E-lcwgs-2-1.clmp.fp2_repr.R1	1.145345362092172	40.0	74.55253604683325	0.0	2143947.0
Tzo-AMta_025-Ex1-1E-lcwgs-2-1.clmp.fp2_repr.R2	0.8169710821892835	40.0	73.9871829854003	0.0	2143947.0
Tzo-AMta_025-Ex1-8D-lcwgs-1-1.clmp.fp2_repr.R1	1.3046982878107514	41.0	76.50365974572452	0.0	2596082.0
Tzo-AMta_025-Ex1-8D-lcwgs-1-1.clmp.fp2_repr.R2	0.9495325645629009	41.0	75.91574149044598	0.0	2596082.0
Tzo-AMta_026-Ex1-8E-lcwgs-1-1.clmp.fp2_repr.R1	1.3625110102058073	39.0	79.28093217947325	0.0	3525673.0
Tzo-AMta_026-Ex1-8E-lcwgs-1-1.clmp.fp2_repr.R2	1.0114334848306328	39.0	78.51961455302293	0.0	3525673.0
Tzo-AMta_027-Ex1-1C-lcwgs-2-1.clmp.fp2_repr.R1	0.6031000019073787	42.0	61.79870755889636	9.090909090909092	408684.0
Tzo-AMta_027-Ex1-1C-lcwgs-2-1.clmp.fp2_repr.R2	0.44166848962150596	42.0	61.49425717669397	9.090909090909092	408684.0
Tzo-AMta_027-Ex1-8F-lcwgs-1-1.clmp.fp2_repr.R1	1.1099543352089398	42.0	77.13003514805169	9.090909090909092	711846.0
Tzo-AMta_027-Ex1-8F-lcwgs-1-1.clmp.fp2_repr.R2	0.7845659996666541	42.0	76.57010645560977	9.090909090909092	711846.0
Tzo-AMta_028-Ex1-8G-lcwgs-1-1.clmp.fp2_repr.R1	1.507654219012224	40.0	80.3816976417989	0.0	2737680.0
Tzo-AMta_028-Ex1-8G-lcwgs-1-1.clmp.fp2_repr.R2	1.1264795106994683	40.0	79.71959359749862	0.0	2737680.0
Tzo-AMta_029-Ex1-8H-lcwgs-1-1.clmp.fp2_repr.R1	1.1605550304278438	42.0	72.87147112133904	0.0	2451239.0
Tzo-AMta_029-Ex1-8H-lcwgs-1-1.clmp.fp2_repr.R2	0.8463176844920213	42.0	72.40400793231504	9.090909090909092	2451239.0
Tzo-AMta_030-Ex1-9A-lcwgs-1-1.clmp.fp2_repr.R1	1.2998147579852741	41.0	77.70142415588509	9.090909090909092	374327.0
Tzo-AMta_030-Ex1-9A-lcwgs-1-1.clmp.fp2_repr.R2	0.9241265068997251	41.0	77.09845402549108	9.090909090909092	374327.0
Tzo-AMta_031-Ex1-9B-lcwgs-1-1.clmp.fp2_repr.R1	1.6957187597637358	39.0	80.26628934290447	0.0	4940408.0
Tzo-AMta_031-Ex1-9B-lcwgs-1-1.clmp.fp2_repr.R2	1.2631514918295892	39.0	79.50874563396384	0.0	4940408.0
Tzo-AMvi_001-Ex1-1A-lcwgs-1-1.clmp.fp2_repr.R1	2.8238137850167675	38.0	97.93942407853153	0.0	169919.0
Tzo-AMvi_001-Ex1-1A-lcwgs-1-1.clmp.fp2_repr.R2	2.1252138733526067	38.0	96.10912846709314	0.0	169919.0
Tzo-AMvi_002-Ex1-1E-lcwgs-1-1.clmp.fp2_repr.R1	2.8776841220521447	38.0	96.12335850928937	0.0	181390.0
Tzo-AMvi_002-Ex1-1E-lcwgs-1-1.clmp.fp2_repr.R2	2.3312545169638383	38.0	94.7322674899388	0.0	181390.0
Tzo-AMvi_003-Ex1-2A-lcwgs-1-1.clmp.fp2_repr.R1	1.9730267691786878	36.0	101.60084788337637	0.0	567295.0
Tzo-AMvi_003-Ex1-2A-lcwgs-1-1.clmp.fp2_repr.R2	1.6128523999503983	36.0	99.69817467102654	0.0	567295.0
Tzo-AMvi_004-Ex1-2E-lcwgs-1-1.clmp.fp2_repr.R1	2.1098399343320295	37.0	103.10142622614406	0.0	77968.0
Tzo-AMvi_004-Ex1-2E-lcwgs-1-1.clmp.fp2_repr.R2	1.5916786373896912	37.0	101.31793812846296	9.090909090909092	77968.0
Tzo-AMvi_005-Ex1-3A-lcwgs-1-1.clmp.fp2_repr.R1	2.9814824095302015	37.0	105.0576112672709	0.0	1582069.0
Tzo-AMvi_005-Ex1-3A-lcwgs-1-1.clmp.fp2_repr.R2	2.577069647782622	37.0	102.81409660387759	0.0	1582069.0
Tzo-AMvi_006-Ex1-1A-lcwgs-2-1.clmp.fp2_repr.R1	14.092622802074914	48.0	123.05223487303107	9.090909090909092	1256134.0
Tzo-AMvi_006-Ex1-1A-lcwgs-2-1.clmp.fp2_repr.R2	13.046904480463297	48.0	117.76659337300002	9.090909090909092	1256134.0
Tzo-AMvi_007-Ex1-4A-lcwgs-1-1.clmp.fp2_repr.R1	1.9978276740086613	37.0	106.59058777443421	9.090909090909092	56161.0
Tzo-AMvi_007-Ex1-4A-lcwgs-1-1.clmp.fp2_repr.R2	1.3959865387012371	37.0	104.36322358932355	0.0	56161.0
Tzo-AMvi_008-Ex1-1B-lcwgs-2-1.clmp.fp2_repr.R1	3.6191834173869637	39.0	118.40358525137913	0.0	1020570.0
Tzo-AMvi_008-Ex1-1B-lcwgs-2-1.clmp.fp2_repr.R2	2.9950464194874513	39.0	115.09082963441998	0.0	1020570.0
Tzo-AMvi_009-Ex1-5A-lcwgs-1-1.clmp.fp2_repr.R1	1.6412249484922228	37.0	98.60884528938003	0.0	42712.0
Tzo-AMvi_009-Ex1-5A-lcwgs-1-1.clmp.fp2_repr.R2	1.1753137291627667	37.0	96.78043641131298	9.090909090909092	42712.0
Tzo-AMvi_010-Ex1-5E-lcwgs-1-1.clmp.fp2_repr.R1	2.0364138407110204	39.0	102.30232691920499	9.090909090909092	34767.0
Tzo-AMvi_010-Ex1-5E-lcwgs-1-1.clmp.fp2_repr.R2	1.4266402047918945	39.0	100.28504041188484	9.090909090909092	34767.0
Tzo-AMvi_011-Ex1-6A-lcwgs-1-1.clmp.fp2_repr.R1	0.7637289368408204	38.0	96.38071281367438	9.090909090909092	16498.0
Tzo-AMvi_011-Ex1-6A-lcwgs-1-1.clmp.fp2_repr.R2	0.5091526245605564	38.0	94.43538610740696	9.090909090909092	16498.0
Tzo-AMvi_012-Ex1-6E-lcwgs-1-1.clmp.fp2_repr.R1	2.604943759088286	38.0	100.62884995371074	0.0	144742.0
Tzo-AMvi_012-Ex1-6E-lcwgs-1-1.clmp.fp2_repr.R2	1.9936284990175182	38.0	98.77008746597394	0.0	144742.0
Tzo-AMvi_013-Ex1-1B-lcwgs-1-1.clmp.fp2_repr.R1	1.9621424474290876	39.0	100.46951806837737	0.0	92399.0
Tzo-AMvi_013-Ex1-1B-lcwgs-1-1.clmp.fp2_repr.R2	1.4794532408359373	39.0	98.55994112490394	0.0	92399.0
Tzo-AMvi_014-Ex1-1C-lcwgs-2-1.clmp.fp2_repr.R1	0.18382352941176805	40.0	103.1447963800905	9.090909090909092	7072.0
Tzo-AMvi_014-Ex1-1C-lcwgs-2-1.clmp.fp2_repr.R2	0.09898190045248612	40.0	100.0972850678733	9.090909090909092	7072.0
Tzo-AMvi_015-Ex1-2B-lcwgs-1-1.clmp.fp2_repr.R1	2.276069018844268	38.0	109.62729861172518	0.0	282725.0
Tzo-AMvi_015-Ex1-2B-lcwgs-1-1.clmp.fp2_repr.R2	1.7110131984623251	38.0	107.17527279158193	0.0	282725.0
Tzo-AMvi_016-Ex1-2F-lcwgs-1-1.clmp.fp2_repr.R1	2.276624118879795	40.0	106.6746681907665	0.0	31494.0
Tzo-AMvi_016-Ex1-2F-lcwgs-1-1.clmp.fp2_repr.R2	1.5622023242522403	40.0	104.48882326792405	9.090909090909092	31494.0
Tzo-AMvi_017-Ex1-3B-lcwgs-1-1.clmp.fp2_repr.R1	2.4573711755988654	38.0	106.59138231818267	0.0	53309.0
Tzo-AMvi_017-Ex1-3B-lcwgs-1-1.clmp.fp2_repr.R2	1.742670093230032	38.0	104.24211671575156	0.0	53309.0
Tzo-AMvi_018-Ex1-3F-lcwgs-1-1.clmp.fp2_repr.R1	2.5371546471517377	40.0	104.53663883426287	9.090909090909092	31019.0
Tzo-AMvi_018-Ex1-3F-lcwgs-1-1.clmp.fp2_repr.R2	1.9020600277249429	40.0	102.30500660885264	9.090909090909092	31019.0
Tzo-AMvi_019-Ex1-1D-lcwgs-2-1.clmp.fp2_repr.R1	0.1856540084388172	40.0	102.44270042194093	0.0	5925.0
Tzo-AMvi_019-Ex1-1D-lcwgs-2-1.clmp.fp2_repr.R2	0.10126582278481067	40.0	99.5939240506329	9.090909090909092	5925.0
Tzo-AMvi_020-Ex1-4F-lcwgs-1-1.clmp.fp2_repr.R1	2.4864349174169718	39.0	108.40098980382804	9.090909090909092	33542.0
Tzo-AMvi_020-Ex1-4F-lcwgs-1-1.clmp.fp2_repr.R2	1.7232126885695465	39.0	106.09826486196411	9.090909090909092	33542.0
Tzo-AMvi_021-Ex1-1E-lcwgs-2-1.clmp.fp2_repr.R1	4.586884376227616	41.0	121.87634073094493	0.0	2152091.0
Tzo-AMvi_021-Ex1-1E-lcwgs-2-1.clmp.fp2_repr.R2	3.8805464845861053	41.0	118.0426668760754	0.0	2152091.0
Tzo-AMvi_022-Ex1-5F-lcwgs-1-1.clmp.fp2_repr.R1	3.2151956894031173	39.0	114.5966229480807	0.0	95764.0
Tzo-AMvi_022-Ex1-5F-lcwgs-1-1.clmp.fp2_repr.R2	2.3631009565181103	39.0	111.5778685100873	0.0	95764.0
Tzo-AMvi_023-Ex1-6B-lcwgs-1-1.clmp.fp2_repr.R1	1.3876607033535038	38.0	102.44133052173322	9.090909090909092	14701.0
Tzo-AMvi_023-Ex1-6B-lcwgs-1-1.clmp.fp2_repr.R2	0.9931297190667294	38.0	100.53669818379701	9.090909090909092	14701.0
Tzo-AMvi_024-Ex1-6F-lcwgs-1-1.clmp.fp2_repr.R1	2.5205077753479515	38.0	108.06795703071644	0.0	124461.0
Tzo-AMvi_024-Ex1-6F-lcwgs-1-1.clmp.fp2_repr.R2	1.827346192242203	38.0	105.82228167859812	0.0	124461.0
Tzo-AMvi_025-Ex1-1C-lcwgs-1-1.clmp.fp2_repr.R1	1.5559244766895262	37.0	98.0438547903889	0.0	247339.0
Tzo-AMvi_025-Ex1-1C-lcwgs-1-1.clmp.fp2_repr.R2	1.2145364442666704	37.0	96.41093398129692	0.0	247339.0
Tzo-AMvi_026-Ex1-1G-lcwgs-1-1.clmp.fp2_repr.R1	2.835877012995965	39.0	96.50530098475222	0.0	151104.0
Tzo-AMvi_026-Ex1-1G-lcwgs-1-1.clmp.fp2_repr.R2	2.1203524119598853	39.0	94.90138580050827	0.0	151104.0
Tzo-AMvi_027-Ex1-2C-lcwgs-1-1.clmp.fp2_repr.R1	3.41728418292368	38.0	102.59880670498283	0.0	191738.0
Tzo-AMvi_027-Ex1-2C-lcwgs-1-1.clmp.fp2_repr.R2	2.715440676553925	38.0	100.71219059341394	0.0	191738.0
Tzo-AMvi_028-Ex1-2G-lcwgs-1-1.clmp.fp2_repr.R1	2.2050665684756154	38.0	96.67622883150632	0.0	139299.0
Tzo-AMvi_028-Ex1-2G-lcwgs-1-1.clmp.fp2_repr.R2	1.6368500936650037	38.0	95.0331086368172	0.0	139299.0
Tzo-AMvi_029-Ex1-3C-lcwgs-1-1.clmp.fp2_repr.R1	1.3161162155450654	37.0	95.73429351874844	9.090909090909092	12081.0
Tzo-AMvi_029-Ex1-3C-lcwgs-1-1.clmp.fp2_repr.R2	0.8360235079877469	37.0	94.18558066385233	9.090909090909092	12081.0
Tzo-AMvi_030-Ex1-3G-lcwgs-1-1.clmp.fp2_repr.R1	3.92867275388042	37.0	105.56658526979126	0.0	190425.0
Tzo-AMvi_030-Ex1-3G-lcwgs-1-1.clmp.fp2_repr.R2	2.848575375878312	37.0	103.4033451490088	0.0	190425.0
Tzo-AMvi_031-Ex1-4C-lcwgs-1-1.clmp.fp2_repr.R1	1.5735005578424932	37.0	96.67733620590158	9.090909090909092	25993.0
Tzo-AMvi_031-Ex1-4C-lcwgs-1-1.clmp.fp2_repr.R2	1.0964490439733794	37.0	95.2040164659716	9.090909090909092	25993.0
Tzo-AMvi_032-Ex1-4G-lcwgs-1-1.clmp.fp2_repr.R1	2.0219405526866865	40.0	96.91837912246429	0.0	121317.0
Tzo-AMvi_032-Ex1-4G-lcwgs-1-1.clmp.fp2_repr.R2	1.4729879051693757	40.0	95.30734357097522	0.0	121317.0
Tzo-AMvi_033-Ex1-5C-lcwgs-1-1.clmp.fp2_repr.R1	3.148637785590452	39.0	112.87874250069152	0.0	104843.0
Tzo-AMvi_033-Ex1-5C-lcwgs-1-1.clmp.fp2_repr.R2	2.26951012340605	39.0	109.9623246187156	0.0	104843.0
Tzo-AMvi_034-Ex1-5G-lcwgs-1-1.clmp.fp2_repr.R1	1.8248358211100992	37.0	99.78404254728864	0.0	360446.0
Tzo-AMvi_034-Ex1-5G-lcwgs-1-1.clmp.fp2_repr.R2	1.4507339395674563	37.0	98.0330978842878	0.0	360446.0
Tzo-AMvi_035-Ex1-6C-lcwgs-1-1.clmp.fp2_repr.R1	1.93235743585619	39.0	103.54437786535831	0.0	49732.0
Tzo-AMvi_035-Ex1-6C-lcwgs-1-1.clmp.fp2_repr.R2	1.3954797715756513	39.0	101.31844687525135	9.090909090909092	49732.0
Tzo-AMvi_036-Ex1-6G-lcwgs-1-1.clmp.fp2_repr.R1	2.5123537061118384	41.0	106.17167750325098	0.0	76900.0
Tzo-AMvi_036-Ex1-6G-lcwgs-1-1.clmp.fp2_repr.R2	1.7906371911573444	41.0	103.81716514954486	0.0	76900.0
Tzo-AMvi_037-Ex1-1D-lcwgs-1-1.clmp.fp2_repr.R1	1.098981077147016	38.0	91.6245269286754	9.090909090909092	13740.0
Tzo-AMvi_037-Ex1-1D-lcwgs-1-1.clmp.fp2_repr.R2	0.7423580786026207	38.0	90.12518195050946	9.090909090909092	13740.0
Tzo-AMvi_038-Ex1-1H-lcwgs-1-1.clmp.fp2_repr.R1	2.0733008824218473	38.0	100.80891272093083	0.0	76834.0
Tzo-AMvi_038-Ex1-1H-lcwgs-1-1.clmp.fp2_repr.R2	1.4459744383996735	38.0	98.90981856990395	0.0	76834.0
Tzo-AMvi_039-Ex1-2D-lcwgs-1-1.clmp.fp2_repr.R1	1.408507062542526	38.0	99.82753791364891	9.090909090909092	24991.0
Tzo-AMvi_039-Ex1-2D-lcwgs-1-1.clmp.fp2_repr.R2	0.9963586891280869	38.0	98.06298267376255	9.090909090909092	24991.0
Tzo-AMvi_040-Ex1-2H-lcwgs-1-1.clmp.fp2_repr.R1	1.4591552564400132	38.0	95.68429449988396	9.090909090909092	34472.0
Tzo-AMvi_040-Ex1-2H-lcwgs-1-1.clmp.fp2_repr.R2	1.0240194940821539	38.0	94.270915525644	9.090909090909092	34472.0
Tzo-AMvi_041-Ex1-3D-lcwgs-1-1.clmp.fp2_repr.R1	0.2345844504021386	39.0	95.54792225201072	9.090909090909092	2984.0
Tzo-AMvi_041-Ex1-3D-lcwgs-1-1.clmp.fp2_repr.R2	0.20107238605898203	39.0	93.67292225201072	9.090909090909092	2984.0
Tzo-AMvi_042-Ex1-3H-lcwgs-1-1.clmp.fp2_repr.R1	2.7770360480640903	41.0	103.49255515290228	0.0	78645.0
Tzo-AMvi_042-Ex1-3H-lcwgs-1-1.clmp.fp2_repr.R2	2.0993070125246334	41.0	101.35604297793884	0.0	78645.0
Tzo-AMvi_043-Ex1-4D-lcwgs-1-1.clmp.fp2_repr.R1	1.7332135062267326	37.0	99.63120151128881	9.090909090909092	54523.0
Tzo-AMvi_043-Ex1-4D-lcwgs-1-1.clmp.fp2_repr.R2	1.2655209728004735	37.0	98.04603561799607	9.090909090909092	54523.0
Tzo-AMvi_044-Ex1-4H-lcwgs-1-1.clmp.fp2_repr.R1	1.638257575757578	37.0	101.02533143939394	9.090909090909092	21120.0
Tzo-AMvi_044-Ex1-4H-lcwgs-1-1.clmp.fp2_repr.R2	1.1789772727272805	37.0	99.33996212121212	9.090909090909092	21120.0
Tzo-AMvi_045-Ex1-5D-lcwgs-1-1.clmp.fp2_repr.R1	1.88455772113943	37.0	100.63109445277361	9.090909090909092	66700.0
Tzo-AMvi_045-Ex1-5D-lcwgs-1-1.clmp.fp2_repr.R2	1.3508245877061427	37.0	98.68001499250374	0.0	66700.0
Tzo-AMvi_046-Ex1-5H-lcwgs-1-1.clmp.fp2_repr.R1	1.9529447947101346	39.0	101.28151842006986	9.090909090909092	45521.0
Tzo-AMvi_046-Ex1-5H-lcwgs-1-1.clmp.fp2_repr.R2	1.3444344368533194	39.0	99.40708683904133	9.090909090909092	45521.0
Tzo-AMvi_047-Ex1-6D-lcwgs-1-1.clmp.fp2_repr.R1	1.891858407825083	38.0	102.21849246997223	0.0	341101.0
Tzo-AMvi_047-Ex1-6D-lcwgs-1-1.clmp.fp2_repr.R2	1.5080548128172921	38.0	100.21933386299072	0.0	341101.0
Tzo-AMvi_048-Ex1-6H-lcwgs-1-1.clmp.fp2_repr.R1	3.173172509775341	40.0	102.32736430512294	0.0	75445.0
Tzo-AMvi_048-Ex1-6H-lcwgs-1-1.clmp.fp2_repr.R2	2.4574193120816403	40.0	100.18612234077806	0.0	75445.0
Tzo-CMal_001-Ex1-3F-lcwgs-1-1.clmp.fp2_repr.R1	3.110065910536278	41.0	122.86468108612877	0.0	304126.0
Tzo-CMal_001-Ex1-3F-lcwgs-1-1.clmp.fp2_repr.R2	2.1966610504075277	40.0	117.51852192841125	0.0	304126.0
Tzo-CMal_002-Ex1-3G-lcwgs-1-1.clmp.fp2_repr.R1	5.8491680674967625	41.0	133.62403164774682	0.0	145350.0
Tzo-CMal_002-Ex1-3G-lcwgs-1-1.clmp.fp2_repr.R2	3.7946397817816546	41.0	126.10214654282765	0.0	145350.0
Tzo-CMal_003-Ex1-3H-lcwgs-1-1.clmp.fp2_repr.R1	6.571757502988177	40.0	136.45135603217832	0.0	159362.0
Tzo-CMal_003-Ex1-3H-lcwgs-1-1.clmp.fp2_repr.R2	4.280292804603462	40.0	128.10205067707483	0.0	159362.0
Tzo-CMal_004-Ex1-4A-lcwgs-1-1.clmp.fp2_repr.R1	4.712453500469962	40.0	138.71846594012416	0.0	430257.0
Tzo-CMal_004-Ex1-4A-lcwgs-1-1.clmp.fp2_repr.R2	3.5924320553454123	40.0	130.40073258540826	0.0	430257.0
Tzo-CMal_005-Ex1-4B-lcwgs-1-1.clmp.fp2_repr.R1	3.050007617584555	40.0	124.8863536945171	0.0	214886.0
Tzo-CMal_005-Ex1-4B-lcwgs-1-1.clmp.fp2_repr.R2	2.1323012191797943	40.0	119.29460271958155	0.0	214886.0
Tzo-CMal_006-Ex1-4C-lcwgs-1-1.clmp.fp2_repr.R1	3.6938253407836186	40.0	128.71693815461234	0.0	438141.0
Tzo-CMal_006-Ex1-4C-lcwgs-1-1.clmp.fp2_repr.R2	2.846981533922886	40.0	122.44623077958921	0.0	438141.0
Tzo-CMal_007-Ex1-4D-lcwgs-1-1.clmp.fp2_repr.R1	3.460654293033926	40.0	126.70679462190716	0.0	402745.0
Tzo-CMal_007-Ex1-4D-lcwgs-1-1.clmp.fp2_repr.R2	2.7511191794278744	40.0	120.78676581956324	0.0	402745.0
Tzo-CMal_008-Ex1-4E-lcwgs-1-1.clmp.fp2_repr.R1	3.255344157753001	40.0	128.71812193292283	0.0	255944.0
Tzo-CMal_008-Ex1-4E-lcwgs-1-1.clmp.fp2_repr.R2	2.3204810273831527	40.0	122.57053886787735	0.0	255944.0
Tzo-CMal_009-Ex1-4F-lcwgs-1-1.clmp.fp2_repr.R1	3.232955656293356	41.0	126.0286251557248	0.0	212715.0
Tzo-CMal_009-Ex1-4F-lcwgs-1-1.clmp.fp2_repr.R2	2.285326144061557	41.0	120.02817384763651	0.0	212715.0
Tzo-CMal_010-Ex1-4G-lcwgs-1-1.clmp.fp2_repr.R1	3.765830810968197	40.0	133.313039594524	0.0	250767.0
Tzo-CMal_010-Ex1-4G-lcwgs-1-1.clmp.fp2_repr.R2	2.6273838157901253	40.0	126.1603679910036	0.0	250767.0
Tzo-CMal_011-Ex1-4H-lcwgs-1-1.clmp.fp2_repr.R1	6.77418638584453	40.0	133.67428547831787	0.0	193731.0
Tzo-CMal_011-Ex1-4H-lcwgs-1-1.clmp.fp2_repr.R2	4.7352741624645915	40.0	126.3007727209378	0.0	193731.0
Tzo-CMal_012-Ex1-5A-lcwgs-1-1.clmp.fp2_repr.R1	5.311945126161689	40.0	136.26502009074412	0.0	990257.0
Tzo-CMal_012-Ex1-5A-lcwgs-1-1.clmp.fp2_repr.R2	4.7950374286105415	40.0	128.54362655351085	0.0	990257.0
Tzo-CMal_013-Ex1-5B-lcwgs-1-1.clmp.fp2_repr.R1	3.829455863587228	40.0	128.97025971287982	0.0	502786.0
Tzo-CMal_013-Ex1-5B-lcwgs-1-1.clmp.fp2_repr.R2	3.0910956790968385	40.0	122.55698647138146	0.0	502786.0
Tzo-CMal_014-Ex1-5C-lcwgs-1-1.clmp.fp2_repr.R1	4.092746215111077	40.0	129.94943594996536	0.0	521319.0
Tzo-CMal_014-Ex1-5C-lcwgs-1-1.clmp.fp2_repr.R2	3.368808725257324	40.0	123.33480268319397	0.0	521319.0
Tzo-CMal_015-Ex1-5D-lcwgs-1-1.clmp.fp2_repr.R1	3.4044142803748656	41.0	127.02639030341015	0.0	268053.0
Tzo-CMal_015-Ex1-5D-lcwgs-1-1.clmp.fp2_repr.R2	2.430652433174714	41.0	120.97500867365783	0.0	268053.0
Tzo-CMal_016-Ex1-5E-lcwgs-1-1.clmp.fp2_repr.R1	4.909972084964153	41.0	122.67343727985723	0.0	170344.0
Tzo-CMal_016-Ex1-5E-lcwgs-1-1.clmp.fp2_repr.R2	3.3789527382934494	41.0	117.17995937632085	0.0	170344.0
Tzo-CMal_017-Ex1-5F-lcwgs-1-1.clmp.fp2_repr.R1	3.2153743823158436	41.0	123.00702610890933	0.0	430964.0
Tzo-CMal_017-Ex1-5F-lcwgs-1-1.clmp.fp2_repr.R2	2.441358719567006	41.0	117.57053721424528	0.0	430964.0
Tzo-CMal_018-Ex1-5G-lcwgs-1-1.clmp.fp2_repr.R1	2.7794808341289894	41.0	118.98604643875537	0.0	319130.0
Tzo-CMal_018-Ex1-5G-lcwgs-1-1.clmp.fp2_repr.R2	2.1237512460263304	41.0	114.23950741077304	0.0	319130.0
Tzo-CMal_019-Ex1-5H-lcwgs-1-1.clmp.fp2_repr.R1	5.6673197488429565	40.0	132.62640230493	0.0	143692.0
Tzo-CMal_019-Ex1-5H-lcwgs-1-1.clmp.fp2_repr.R2	3.6827679205134984	40.0	125.16997466803997	0.0	143692.0
Tzo-CMal_020-Ex1-6A-lcwgs-1-1.clmp.fp2_repr.R1	4.376910000384555	40.0	132.00467638451957	0.0	765121.0
Tzo-CMal_020-Ex1-6A-lcwgs-1-1.clmp.fp2_repr.R2	3.677880597802485	40.0	125.07588865029192	0.0	765121.0
Tzo-CMal_021-Ex1-6B-lcwgs-1-1.clmp.fp2_repr.R1	3.66929718985088	41.0	123.85648484593897	0.0	476110.0
Tzo-CMal_021-Ex1-6B-lcwgs-1-1.clmp.fp2_repr.R2	2.966189269200868	41.0	118.39498225200059	0.0	476110.0
Tzo-CMal_022-Ex1-6C-lcwgs-1-1.clmp.fp2_repr.R1	4.249621343359138	40.0	132.26185035052998	0.0	607366.0
Tzo-CMal_022-Ex1-6C-lcwgs-1-1.clmp.fp2_repr.R2	3.4271508393800474	40.0	125.30099808023498	0.0	607366.0
Tzo-CMal_023-Ex1-6D-lcwgs-1-1.clmp.fp2_repr.R1	3.3174349901835	41.0	122.30803883967978	0.0	427089.0
Tzo-CMal_023-Ex1-6D-lcwgs-1-1.clmp.fp2_repr.R2	2.712303844716203	41.0	117.176820288043	0.0	427089.0
Tzo-CMal_024-Ex1-6E-lcwgs-1-1.clmp.fp2_repr.R1	0.28299217054994585	40.0	96.14545797566268	9.090909090909092	10601.0
Tzo-CMal_024-Ex1-6E-lcwgs-1-1.clmp.fp2_repr.R2	0.16036222997830407	40.0	93.7331383831714	9.090909090909092	10601.0
Tzo-CMal_025-Ex1-6F-lcwgs-1-1.clmp.fp2_repr.R1	2.953061435642354	41.0	118.62417270126609	0.0	211834.0
Tzo-CMal_025-Ex1-6F-lcwgs-1-1.clmp.fp2_repr.R2	2.1229107156065794	41.0	113.93945731091327	0.0	211834.0
Tzo-CMal_026-Ex1-6G-lcwgs-1-1.clmp.fp2_repr.R1	3.083213779222632	41.0	122.52420730995858	0.0	274256.0
Tzo-CMal_026-Ex1-6G-lcwgs-1-1.clmp.fp2_repr.R2	2.322008389503196	41.0	117.19992999241585	0.0	274256.0
Tzo-CMal_027-Ex1-6H-lcwgs-1-1.clmp.fp2_repr.R1	4.2269111913891635	41.0	124.60477476100725	0.0	117786.0
Tzo-CMal_027-Ex1-6H-lcwgs-1-1.clmp.fp2_repr.R2	2.8382997314747485	41.0	118.79967058903435	0.0	117786.0
Tzo-CMal_028-Ex1-7A-lcwgs-1-1.clmp.fp2_repr.R1	3.750860197661794	41.0	131.09449888982468	0.0	417952.0
Tzo-CMal_028-Ex1-7A-lcwgs-1-1.clmp.fp2_repr.R2	2.8650143265304138	41.0	124.40508957966465	0.0	417952.0
Tzo-CMal_029-Ex1-7B-lcwgs-1-1.clmp.fp2_repr.R1	2.805496387105734	41.0	117.82050184076508	0.0	371313.0
Tzo-CMal_029-Ex1-7B-lcwgs-1-1.clmp.fp2_repr.R2	2.168142609661274	41.0	113.18173616329081	0.0	371313.0
Tzo-CMal_030-Ex1-7C-lcwgs-1-1.clmp.fp2_repr.R1	3.5417299978248877	40.0	128.83033802853538	0.0	384435.0
Tzo-CMal_030-Ex1-7C-lcwgs-1-1.clmp.fp2_repr.R2	2.729100840688801	40.0	122.57769713995864	0.0	384435.0
Tzo-CMal_031-Ex1-7D-lcwgs-1-1.clmp.fp2_repr.R1	3.1083706790743975	41.0	121.18924569358411	0.0	257813.0
Tzo-CMal_031-Ex1-7D-lcwgs-1-1.clmp.fp2_repr.R2	2.3829245120567606	41.0	116.1608142335724	0.0	257813.0
Tzo-CMal_032-Ex1-7E-lcwgs-1-1.clmp.fp2_repr.R1	2.8924535665430966	41.0	117.48256919596587	0.0	221906.0
Tzo-CMal_032-Ex1-7E-lcwgs-1-1.clmp.fp2_repr.R2	2.175281208886375	41.0	112.83059493659478	0.0	221906.0
Tzo-CMal_033-Ex1-7F-lcwgs-1-1.clmp.fp2_repr.R1	3.9916115993342487	41.0	112.87658660626522	0.0	187192.0
Tzo-CMal_033-Ex1-7F-lcwgs-1-1.clmp.fp2_repr.R2	2.974638972043536	41.0	108.91314799777768	0.0	187192.0
Tzo-CMal_034-Ex1-7G-lcwgs-1-1.clmp.fp2_repr.R1	4.493905278191463	41.0	114.84299751871369	0.0	192239.0
Tzo-CMal_034-Ex1-7G-lcwgs-1-1.clmp.fp2_repr.R2	3.41008341982689	41.0	110.50144351562378	0.0	192239.0
Tzo-CMal_035-Ex1-7H-lcwgs-1-1.clmp.fp2_repr.R1	3.439645357078547	41.0	127.07114538327022	0.0	224737.0
Tzo-CMal_035-Ex1-7H-lcwgs-1-1.clmp.fp2_repr.R2	2.441227828090092	41.0	120.70939809644162	0.0	224737.0
Tzo-CMal_036-Ex1-8A-lcwgs-1-1.clmp.fp2_repr.R1	3.6272512068661626	40.0	129.41464085697632	0.0	276227.0
Tzo-CMal_036-Ex1-8A-lcwgs-1-1.clmp.fp2_repr.R2	2.5883248372516903	40.0	122.94289479305064	0.0	276227.0
Tzo-CMal_037-Ex1-8B-lcwgs-1-1.clmp.fp2_repr.R1	3.037585497890177	41.0	119.92660913453778	0.0	508006.0
Tzo-CMal_037-Ex1-8B-lcwgs-1-1.clmp.fp2_repr.R2	2.4256802311778785	41.0	115.05168246044337	0.0	508006.0
Tzo-CMal_038-Ex1-8C-lcwgs-1-1.clmp.fp2_repr.R1	4.071796664425889	41.0	118.27555596062705	0.0	164580.0
Tzo-CMal_038-Ex1-8C-lcwgs-1-1.clmp.fp2_repr.R2	2.90793193716425	41.0	113.50353019807996	0.0	164580.0
Tzo-CMal_039-Ex1-8D-lcwgs-1-1.clmp.fp2_repr.R1	0.3453654188948292	40.0	92.72604723707664	9.090909090909092	8976.0
Tzo-CMal_039-Ex1-8D-lcwgs-1-1.clmp.fp2_repr.R2	0.21167557932263037	40.0	90.51080659536542	9.090909090909092	8976.0
Tzo-CMal_040-Ex1-8E-lcwgs-1-1.clmp.fp2_repr.R1	3.0213864525570244	41.0	122.89095617108804	0.0	246002.0
Tzo-CMal_040-Ex1-8E-lcwgs-1-1.clmp.fp2_repr.R2	2.160541372515411	41.0	117.49745937024902	0.0	246002.0
Tzo-CMal_041-Ex1-8F-lcwgs-1-1.clmp.fp2_repr.R1	0.128498001142205	40.0	90.14834380354084	9.090909090909092	7004.0
Tzo-CMal_041-Ex1-8F-lcwgs-1-1.clmp.fp2_repr.R2	0.0713877784123298	40.0	88.12121644774415	9.090909090909092	7004.0
Tzo-CMal_042-Ex1-8G-lcwgs-1-1.clmp.fp2_repr.R1	2.7360912725327324	41.0	120.27084342185053	0.0	229221.0
Tzo-CMal_042-Ex1-8G-lcwgs-1-1.clmp.fp2_repr.R2	2.031571260218584	41.0	115.14746903643208	0.0	229221.0
Tzo-CMal_043-Ex1-8H-lcwgs-1-1.clmp.fp2_repr.R1	3.8895544844111214	40.0	132.25791981276643	0.0	35891.0
Tzo-CMal_043-Ex1-8H-lcwgs-1-1.clmp.fp2_repr.R2	2.150957064445123	40.0	124.50714663843303	0.0	35891.0
Tzo-CMal_044-Ex1-9A-lcwgs-1-1.clmp.fp2_repr.R1	4.017868798857876	40.0	133.52324290450235	0.0	517018.0
Tzo-CMal_044-Ex1-9A-lcwgs-1-1.clmp.fp2_repr.R2	2.9083391873615483	40.0	126.28449879888127	0.0	517018.0
Tzo-CMal_045-Ex1-9B-lcwgs-1-1.clmp.fp2_repr.R1	4.166666666666657	40.0	131.85326700536268	0.0	56688.0
Tzo-CMal_045-Ex1-9B-lcwgs-1-1.clmp.fp2_repr.R2	2.4061529777025186	40.0	124.69644369178663	0.0	56688.0
Tzo-CMal_046-Ex1-9C-lcwgs-1-1.clmp.fp2_repr.R1	4.210512997352353	40.0	131.87618400950603	0.0	559645.0
Tzo-CMal_046-Ex1-9C-lcwgs-1-1.clmp.fp2_repr.R2	3.2922964037775557	40.0	124.87006763215967	0.0	559645.0
Tzo-CMal_047-Ex1-9D-lcwgs-1-1.clmp.fp2_repr.R1	4.479466917062311	41.0	121.38913923906223	0.0	175310.0
Tzo-CMal_047-Ex1-9D-lcwgs-1-1.clmp.fp2_repr.R2	3.1159805356774655	41.0	116.43014089327477	0.0	175310.0
Tzo-CMal_048-Ex1-9E-lcwgs-1-1.clmp.fp2_repr.R1	0.03707823507600949	40.0	97.58324063774565	18.181818181818183	2697.0
Tzo-CMal_048-Ex1-9E-lcwgs-1-1.clmp.fp2_repr.R2	0.03707823507600949	40.0	94.64664441972562	9.090909090909092	2697.0
Tzo-CMal_049-Ex1-9F-lcwgs-1-1.clmp.fp2_repr.R1	3.379270870024655	41.0	121.3501893272279	0.0	45424.0
Tzo-CMal_049-Ex1-9F-lcwgs-1-1.clmp.fp2_repr.R2	2.0451743571680083	41.0	116.10793853469532	0.0	45424.0
Tzo-CMal_050-Ex1-9G-lcwgs-1-1.clmp.fp2_repr.R1	2.132016381594795	40.0	112.62539147193448	9.090909090909092	8302.0
Tzo-CMal_050-Ex1-9G-lcwgs-1-1.clmp.fp2_repr.R2	1.4092989641050337	40.0	108.22476511683932	9.090909090909092	8302.0
Tzo-CMal_051-Ex1-9H-lcwgs-1-1.clmp.fp2_repr.R1	4.284562134552047	40.0	131.14822904765106	0.0	29758.0
Tzo-CMal_051-Ex1-9H-lcwgs-1-1.clmp.fp2_repr.R2	2.4430405269171303	40.0	123.95843134619263	0.0	29758.0
Tzo-CMal_052-Ex1-10A-lcwgs-1-1.clmp.fp2_repr.R1	3.975888290997233	40.0	136.42141363220153	0.0	295961.0
Tzo-CMal_052-Ex1-10A-lcwgs-1-1.clmp.fp2_repr.R2	2.6034433512941604	40.0	126.95492649369342	0.0	295961.0
Tzo-CMal_053-Ex1-10B-lcwgs-1-1.clmp.fp2_repr.R1	5.129283175285721	41.0	131.68639363936393	0.0	146652.0
Tzo-CMal_053-Ex1-10B-lcwgs-1-1.clmp.fp2_repr.R2	3.1590972988905293	41.0	123.29803889479857	0.0	146652.0
Tzo-CMal_054-Ex1-10C-lcwgs-1-1.clmp.fp2_repr.R1	4.0569969165426585	40.0	129.79515735865812	0.0	110353.0
Tzo-CMal_054-Ex1-10C-lcwgs-1-1.clmp.fp2_repr.R2	2.3585292014571735	40.0	121.69039355522732	0.0	110353.0
Tzo-CMal_055-Ex1-10D-lcwgs-1-1.clmp.fp2_repr.R1	3.5802780227625846	40.0	129.54462223342153	0.0	47622.0
Tzo-CMal_055-Ex1-10D-lcwgs-1-1.clmp.fp2_repr.R2	1.9885767082440964	40.0	121.62057452437949	0.0	47622.0
Tzo-CMal_056-Ex1-10E-lcwgs-1-1.clmp.fp2_repr.R1	6.0229995107747385	41.0	130.97288755906476	0.0	196183.0
Tzo-CMal_056-Ex1-10E-lcwgs-1-1.clmp.fp2_repr.R2	3.960135467514675	41.0	122.67727071152954	0.0	196183.0
Tzo-CMal_057-Ex1-10F-lcwgs-1-1.clmp.fp2_repr.R1	4.092647987987576	41.0	129.9685016928073	0.0	115784.0
Tzo-CMal_057-Ex1-10F-lcwgs-1-1.clmp.fp2_repr.R2	2.415950986463727	41.0	121.77103053962551	0.0	115784.0
Tzo-CMal_058-Ex1-10G-lcwgs-1-1.clmp.fp2_repr.R1	3.785385775642098	41.0	129.5727460080577	0.0	365862.0
Tzo-CMal_058-Ex1-10G-lcwgs-1-1.clmp.fp2_repr.R2	2.7963631479452715	41.0	121.65722048203968	0.0	365862.0
Tzo-CMal_059-Ex1-10H-lcwgs-1-1.clmp.fp2_repr.R1	2.6209977661950887	40.0	125.5084139985108	9.090909090909092	6715.0
Tzo-CMal_059-Ex1-10H-lcwgs-1-1.clmp.fp2_repr.R2	1.5338793745346209	41.0	118.45569620253164	9.090909090909092	6715.0
Tzo-CMal_060-Ex1-11A-lcwgs-1-1.clmp.fp2_repr.R1	6.1148958509809574	40.0	130.50646535655324	0.0	187770.0
Tzo-CMal_060-Ex1-11A-lcwgs-1-1.clmp.fp2_repr.R2	4.265072825268305	40.0	123.77612504659956	0.0	187770.0
Tzo-CMal_061-Ex1-11B-lcwgs-1-1.clmp.fp2_repr.R1	4.796520845964878	40.0	136.83602797154737	0.0	116404.0
Tzo-CMal_061-Ex1-11B-lcwgs-1-1.clmp.fp2_repr.R2	2.9579430447030575	40.0	129.31527267104224	0.0	116404.0
Tzo-CMal_062-Ex1-11C-lcwgs-1-1.clmp.fp2_repr.R1	4.191154858671069	40.0	123.13492790037851	0.0	154023.0
Tzo-CMal_062-Ex1-11C-lcwgs-1-1.clmp.fp2_repr.R2	2.9051501238005386	40.0	117.94543022795297	0.0	154023.0
Tzo-CMal_063-Ex1-11D-lcwgs-1-1.clmp.fp2_repr.R1	3.909012205958689	40.0	128.0446800046412	0.0	120658.0
Tzo-CMal_063-Ex1-11D-lcwgs-1-1.clmp.fp2_repr.R2	2.511978565472006	40.0	122.1495052130816	0.0	120658.0
Tzo-CMal_064-Ex1-11E-lcwgs-1-1.clmp.fp2_repr.R1	3.599755948749234	41.0	132.31944565501612	9.090909090909092	11473.0
Tzo-CMal_064-Ex1-11E-lcwgs-1-1.clmp.fp2_repr.R2	2.0657195153839467	41.0	125.26610302449228	9.090909090909092	11473.0
Tzo-CMta_001-Ex1-9A-lcwgs-1-1.clmp.fp2_repr.R1	4.173040426232262	42.0	114.4262041010968	0.0	167760.0
Tzo-CMta_001-Ex1-9A-lcwgs-1-1.clmp.fp2_repr.R2	2.9293399145271906	42.0	110.29522532188841	0.0	167760.0
Tzo-CMta_002-Ex1-9B-lcwgs-1-1.clmp.fp2_repr.R1	2.6988696290810026	41.0	115.6029283602154	0.0	391277.0
Tzo-CMta_002-Ex1-9B-lcwgs-1-1.clmp.fp2_repr.R2	2.0799216427657115	41.0	111.38541238048748	0.0	391277.0
Tzo-CMta_003-Ex1-9C-lcwgs-1-1.clmp.fp2_repr.R1	0.0	39.0	90.625	9.090909090909092	1096.0
Tzo-CMta_003-Ex1-9C-lcwgs-1-1.clmp.fp2_repr.R2	0.0	39.0	88.4844890510949	9.090909090909092	1096.0
Tzo-CMta_004-Ex1-9D-lcwgs-1-1.clmp.fp2_repr.R1	0.1095890410958873	40.0	95.36876712328767	9.090909090909092	1825.0
Tzo-CMta_004-Ex1-9D-lcwgs-1-1.clmp.fp2_repr.R2	0.05479452054794365	40.0	92.52164383561644	9.090909090909092	1825.0
Tzo-CMta_005-Ex1-9E-lcwgs-1-1.clmp.fp2_repr.R1	2.192026663248299	41.0	109.617741315216	9.090909090909092	7801.0
Tzo-CMta_005-Ex1-9E-lcwgs-1-1.clmp.fp2_repr.R2	1.4100756313293203	41.0	106.18048968081015	9.090909090909092	7801.0
Tzo-CMta_006-Ex1-9F-lcwgs-1-1.clmp.fp2_repr.R1	2.8734460974118576	42.0	119.8797636030161	9.090909090909092	4907.0
Tzo-CMta_006-Ex1-9F-lcwgs-1-1.clmp.fp2_repr.R2	1.8137354799266348	41.0	114.63847564703485	9.090909090909092	4907.0
Tzo-CMta_007-Ex1-9G-lcwgs-1-1.clmp.fp2_repr.R1	0.0	39.0	86.02881205673759	0.0	2256.0
Tzo-CMta_007-Ex1-9G-lcwgs-1-1.clmp.fp2_repr.R2	0.0	39.0	84.14804964539007	0.0	2256.0
Tzo-CMta_008-Ex1-9H-lcwgs-1-1.clmp.fp2_repr.R1	0.08438818565400652	39.0	92.06919831223628	9.090909090909092	1185.0
Tzo-CMta_008-Ex1-9H-lcwgs-1-1.clmp.fp2_repr.R2	0.08438818565400652	39.0	89.86751054852321	0.0	1185.0
Tzo-CMta_009-Ex1-10A-lcwgs-1-1.clmp.fp2_repr.R1	3.235747441373505	41.0	123.17382991423254	0.0	626578.0
Tzo-CMta_009-Ex1-10A-lcwgs-1-1.clmp.fp2_repr.R2	2.4274934005971005	41.0	116.67967755012145	0.0	626578.0
Tzo-CMta_010-Ex1-10B-lcwgs-1-1.clmp.fp2_repr.R1	2.2645003788197613	41.0	113.57908914891826	9.090909090909092	11879.0
Tzo-CMta_010-Ex1-10B-lcwgs-1-1.clmp.fp2_repr.R2	1.405842242613005	41.0	108.4906978701911	9.090909090909092	11879.0
Tzo-CMta_011-Ex1-10C-lcwgs-1-1.clmp.fp2_repr.R1	0.7662835249042104	40.0	118.24137931034483	18.181818181818183	522.0
Tzo-CMta_011-Ex1-10C-lcwgs-1-1.clmp.fp2_repr.R2	0.3831417624521123	40.0	111.09770114942529	18.181818181818183	522.0
Tzo-CMta_012-Ex1-10D-lcwgs-1-1.clmp.fp2_repr.R1	3.5281890671278404	41.0	129.1887527130952	0.0	597104.0
Tzo-CMta_012-Ex1-10D-lcwgs-1-1.clmp.fp2_repr.R2	2.708546101275701	41.0	121.2502947560224	0.0	597104.0
Tzo-CMta_013-Ex1-10E-lcwgs-1-1.clmp.fp2_repr.R1	0.3289473684210549	39.0	117.49342105263158	9.090909090909092	304.0
Tzo-CMta_013-Ex1-10E-lcwgs-1-1.clmp.fp2_repr.R2	0.0	39.0	111.6217105263158	9.090909090909092	304.0
Tzo-CMta_014-Ex1-10F-lcwgs-1-1.clmp.fp2_repr.R1	2.8244346438960406	41.0	123.6647274092146	9.090909090909092	10657.0
Tzo-CMta_014-Ex1-10F-lcwgs-1-1.clmp.fp2_repr.R2	1.3324575396453042	41.0	116.52557004785587	9.090909090909092	10657.0
Tzo-CMta_015-Ex1-10G-lcwgs-1-1.clmp.fp2_repr.R1	0.0	39.0	114.2753108348135	9.090909090909092	563.0
Tzo-CMta_015-Ex1-10G-lcwgs-1-1.clmp.fp2_repr.R2	0.0	40.0	108.23445825932504	9.090909090909092	563.0
Tzo-CMta_016-Ex1-10H-lcwgs-1-1.clmp.fp2_repr.R1	3.9582554580079403	40.0	127.49272097228817	9.090909090909092	98983.0
Tzo-CMta_016-Ex1-10H-lcwgs-1-1.clmp.fp2_repr.R2	2.5539739147126284	40.0	120.71183940676681	9.090909090909092	98983.0
Tzo-CMta_017-Ex1-11A-lcwgs-1-1.clmp.fp2_repr.R1	2.9822995020591208	41.0	121.92256096664349	0.0	476039.0
Tzo-CMta_017-Ex1-11A-lcwgs-1-1.clmp.fp2_repr.R2	2.3082216584814006	41.0	116.82565083953206	0.0	476039.0
Tzo-CMta_018-Ex1-11B-lcwgs-1-1.clmp.fp2_repr.R1	0.0	39.0	121.2280701754386	9.090909090909092	456.0
Tzo-CMta_018-Ex1-11B-lcwgs-1-1.clmp.fp2_repr.R2	0.0	39.0	112.4342105263158	18.181818181818183	456.0
Tzo-CMta_019-Ex1-11C-lcwgs-1-1.clmp.fp2_repr.R1	1.1180992313067861	41.0	112.88050314465409	18.181818181818183	1431.0
Tzo-CMta_019-Ex1-11C-lcwgs-1-1.clmp.fp2_repr.R2	0.6988120195667449	41.0	108.59678546471	9.090909090909092	1431.0
Tzo-CMta_020-Ex1-11D-lcwgs-1-1.clmp.fp2_repr.R1	2.8121111309444586	41.0	122.6448665197471	0.0	235503.0
Tzo-CMta_020-Ex1-11D-lcwgs-1-1.clmp.fp2_repr.R2	2.015697448787307	41.0	117.19716946280938	0.0	235503.0
Tzo-CMta_021-Ex1-11E-lcwgs-1-1.clmp.fp2_repr.R1	2.4995315720442193	42.0	115.95267003934795	0.0	26685.0
Tzo-CMta_021-Ex1-11E-lcwgs-1-1.clmp.fp2_repr.R2	1.5664230841296671	42.0	111.57054525014053	9.090909090909092	26685.0
Tzo-CMta_022-Ex1-11F-lcwgs-1-1.clmp.fp2_repr.R1	2.889064836808302	42.0	118.76076361397027	0.0	56835.0
Tzo-CMta_022-Ex1-11F-lcwgs-1-1.clmp.fp2_repr.R2	1.7911498196533842	42.0	113.89026128266033	0.0	56835.0
Tzo-CMta_023-Ex1-11G-lcwgs-1-1.clmp.fp2_repr.R1	0.0	39.0	113.39601769911505	9.090909090909092	452.0
Tzo-CMta_023-Ex1-11G-lcwgs-1-1.clmp.fp2_repr.R2	0.0	39.0	108.64380530973452	9.090909090909092	452.0
Tzo-CMta_024-Ex1-11H-lcwgs-1-1.clmp.fp2_repr.R1	2.924141677212859	41.0	122.60474874277799	0.0	320548.0
Tzo-CMta_024-Ex1-11H-lcwgs-1-1.clmp.fp2_repr.R2	2.1963278776172928	40.0	117.55060396570872	0.0	320548.0
Tzo-CMta_025-Ex1-12A-lcwgs-1-1.clmp.fp2_repr.R1	2.5147460362956053	41.0	114.81618368055032	0.0	66289.0
Tzo-CMta_025-Ex1-12A-lcwgs-1-1.clmp.fp2_repr.R2	1.638280861078016	41.0	110.54855255019686	0.0	66289.0
Tzo-CMta_026-Ex1-12B-lcwgs-1-1.clmp.fp2_repr.R1	1.7774486206258047	41.0	105.96982040362896	9.090909090909092	5401.0
Tzo-CMta_026-Ex1-12B-lcwgs-1-1.clmp.fp2_repr.R2	1.2219959266802363	41.0	102.2225513793742	9.090909090909092	5401.0
Tzo-CMta_027-Ex1-12C-lcwgs-1-1.clmp.fp2_repr.R1	4.340173202969055	41.0	119.9658230502638	0.0	181204.0
Tzo-CMta_027-Ex1-12C-lcwgs-1-1.clmp.fp2_repr.R2	3.2233575053510037	41.0	115.341383192424	0.0	181204.0
Tzo-CMta_028-Ex1-12D-lcwgs-1-1.clmp.fp2_repr.R1	1.8796992481203034	41.0	117.52882205513785	0.0	798.0
Tzo-CMta_028-Ex1-12D-lcwgs-1-1.clmp.fp2_repr.R2	1.8796992481203034	41.0	113.67669172932331	18.181818181818183	798.0
Tzo-CMta_029-Ex1-12E-lcwgs-1-1.clmp.fp2_repr.R1	2.522441027068396	41.0	117.16383689374435	0.0	28742.0
Tzo-CMta_029-Ex1-12E-lcwgs-1-1.clmp.fp2_repr.R2	1.5621738222809824	41.0	112.80568506019065	0.0	28742.0
Tzo-CMta_030-Ex1-12F-lcwgs-1-1.clmp.fp2_repr.R1	2.154750244857979	42.0	113.72684731744476	9.090909090909092	9189.0
Tzo-CMta_030-Ex1-12F-lcwgs-1-1.clmp.fp2_repr.R2	1.2514963543367088	42.0	109.99978234846012	9.090909090909092	9189.0
Tzo-CMta_031-Ex1-12G-lcwgs-1-1.clmp.fp2_repr.R1	2.218399130749731	42.0	113.52535313292286	9.090909090909092	11044.0
Tzo-CMta_031-Ex1-12G-lcwgs-1-1.clmp.fp2_repr.R2	1.430641072075332	42.0	109.26041289387904	9.090909090909092	11044.0
Tzo-CMta_032-Ex1-12H-lcwgs-1-1.clmp.fp2_repr.R1	2.1941916235507364	41.0	112.32202877752181	9.090909090909092	26479.0
Tzo-CMta_032-Ex1-12H-lcwgs-1-1.clmp.fp2_repr.R2	1.4388760904868008	41.0	108.77801276483251	0.0	26479.0
Tzo-CMta_033-Ex1-1A-lcwgs-1-1.clmp.fp2_repr.R1	2.9604326786222543	41.0	120.53929847866654	0.0	31617.0
Tzo-CMta_033-Ex1-1A-lcwgs-1-1.clmp.fp2_repr.R2	1.8660847012683064	41.0	115.79343391213588	0.0	31617.0
Tzo-CMta_034-Ex1-1B-lcwgs-1-1.clmp.fp2_repr.R1	2.872552343816224	41.0	116.70510511146902	0.0	94376.0
Tzo-CMta_034-Ex1-1B-lcwgs-1-1.clmp.fp2_repr.R2	1.9432906671187595	41.0	112.42213062643044	0.0	94376.0
Tzo-CMta_035-Ex1-1C-lcwgs-1-1.clmp.fp2_repr.R1	2.3706273489447938	41.0	119.10277536860364	9.090909090909092	6918.0
Tzo-CMta_035-Ex1-1C-lcwgs-1-1.clmp.fp2_repr.R2	1.6045099739809103	41.0	114.3710610002891	9.090909090909092	6918.0
Tzo-CMta_036-Ex1-1D-lcwgs-1-1.clmp.fp2_repr.R1	3.800362690215252	41.0	128.10585035086336	0.0	50732.0
Tzo-CMta_036-Ex1-1D-lcwgs-1-1.clmp.fp2_repr.R2	2.2471024205629675	41.0	122.23673421114879	0.0	50732.0
Tzo-CMta_037-Ex1-1E-lcwgs-1-1.clmp.fp2_repr.R1	0.0606796116504853	40.0	105.20388349514563	9.090909090909092	3296.0
Tzo-CMta_037-Ex1-1E-lcwgs-1-1.clmp.fp2_repr.R2	0.0606796116504853	40.0	101.92657766990291	9.090909090909092	3296.0
Tzo-CMta_038-Ex1-1F-lcwgs-1-1.clmp.fp2_repr.R1	0.1677148846960108	40.0	104.1832285115304	9.090909090909092	2385.0
Tzo-CMta_038-Ex1-1F-lcwgs-1-1.clmp.fp2_repr.R2	0.1257861635220081	40.0	100.82054507337526	9.090909090909092	2385.0
Tzo-CMta_039-Ex1-1G-lcwgs-1-1.clmp.fp2_repr.R1	3.3890284709039094	40.0	126.60231355079753	0.0	417540.0
Tzo-CMta_039-Ex1-1G-lcwgs-1-1.clmp.fp2_repr.R2	2.6094221486936675	40.0	121.17336303108684	0.0	417540.0
Tzo-CMta_040-Ex1-1H-lcwgs-1-1.clmp.fp2_repr.R1	2.969919502895067	40.0	118.6249823471261	0.0	70810.0
Tzo-CMta_040-Ex1-1H-lcwgs-1-1.clmp.fp2_repr.R2	2.0053664736619083	40.0	114.33934472532128	0.0	70810.0
Tzo-CMta_041-Ex1-2A-lcwgs-1-1.clmp.fp2_repr.R1	2.609911449432971	41.0	125.8468618921858	0.0	25748.0
Tzo-CMta_041-Ex1-2A-lcwgs-1-1.clmp.fp2_repr.R2	1.712754388690385	41.0	120.16840142923722	0.0	25748.0
Tzo-CMta_042-Ex1-2B-lcwgs-1-1.clmp.fp2_repr.R1	3.4215325921670257	40.0	124.76444474736459	0.0	660240.0
Tzo-CMta_042-Ex1-2B-lcwgs-1-1.clmp.fp2_repr.R2	2.8899192766870527	40.0	119.4831228038289	0.0	660240.0
Tzo-CMta_043-Ex1-2C-lcwgs-1-1.clmp.fp2_repr.R1	2.8931669858955047	40.0	124.77021006240751	0.0	248688.0
Tzo-CMta_043-Ex1-2C-lcwgs-1-1.clmp.fp2_repr.R2	2.1507020069037424	40.0	119.56807324840764	0.0	248688.0
Tzo-CMta_044-Ex1-2D-lcwgs-1-1.clmp.fp2_repr.R1	3.948230290571999	41.0	130.9708629445517	0.0	1043242.0
Tzo-CMta_044-Ex1-2D-lcwgs-1-1.clmp.fp2_repr.R2	3.5687772766953287	41.0	124.88639069362621	0.0	1043242.0
Tzo-CMta_045-Ex1-2E-lcwgs-1-1.clmp.fp2_repr.R1	3.0306124703305812	41.0	121.88750288111372	0.0	433860.0
Tzo-CMta_045-Ex1-2E-lcwgs-1-1.clmp.fp2_repr.R2	2.481814429347139	41.0	116.79815608721708	0.0	433860.0
Tzo-CMta_046-Ex1-2F-lcwgs-1-1.clmp.fp2_repr.R1	0.9686522767142094	40.0	112.6293951643658	9.090909090909092	13111.0
Tzo-CMta_046-Ex1-2F-lcwgs-1-1.clmp.fp2_repr.R2	0.6406833956220055	40.0	108.30142628327359	9.090909090909092	13111.0
Tzo-CMta_047-Ex1-2G-lcwgs-1-1.clmp.fp2_repr.R1	0.18925368221837857	39.0	107.544310046902	9.090909090909092	12153.0
Tzo-CMta_047-Ex1-2G-lcwgs-1-1.clmp.fp2_repr.R2	0.1810252612523584	39.0	103.6911873611454	9.090909090909092	12153.0
Tzo-CMta_048-Ex1-2H-lcwgs-1-1.clmp.fp2_repr.R1	3.908776681260022	41.0	120.31149584753186	0.0	156413.0
Tzo-CMta_048-Ex1-2H-lcwgs-1-1.clmp.fp2_repr.R2	2.736999843510958	41.0	115.7820385773561	0.0	156413.0
Tzo-CMta_049-Ex1-3A-lcwgs-1-1.clmp.fp2_repr.R1	0.26506024096384806	40.0	112.8255421686747	9.090909090909092	4150.0
Tzo-CMta_049-Ex1-3A-lcwgs-1-1.clmp.fp2_repr.R2	0.07228915662651048	40.0	108.23084337349398	9.090909090909092	4150.0
Tzo-CMta_050-Ex1-3B-lcwgs-1-1.clmp.fp2_repr.R1	0.3069053708439924	40.0	115.87340153452685	9.090909090909092	3910.0
Tzo-CMta_050-Ex1-3B-lcwgs-1-1.clmp.fp2_repr.R2	0.2046035805626616	40.0	110.78849104859336	9.090909090909092	3910.0
Tzo-CMta_051-Ex1-3C-lcwgs-1-1.clmp.fp2_repr.R1	3.11774388761782	40.0	123.65401110175038	0.0	340667.0
Tzo-CMta_051-Ex1-3C-lcwgs-1-1.clmp.fp2_repr.R2	2.397380536361638	40.0	118.3509585607059	0.0	340667.0
Tzo-CMta_052-Ex1-3D-lcwgs-1-1.clmp.fp2_repr.R1	0.28646455001192805	40.0	111.76080210074004	9.090909090909092	8378.0
Tzo-CMta_052-Ex1-3D-lcwgs-1-1.clmp.fp2_repr.R2	0.2029123895917877	40.0	107.32394366197182	9.090909090909092	8378.0
Tzo-CMta_053-Ex1-3E-lcwgs-1-1.clmp.fp2_repr.R1	4.2363123200554185	41.0	127.0541028226505	0.0	1154376.0
Tzo-CMta_053-Ex1-3E-lcwgs-1-1.clmp.fp2_repr.R2	3.7788917521845633	41.0	121.41371442233726	0.0	1154376.0
Tzo-CMta_054-Ex1-3F-lcwgs-1-1.clmp.fp2_repr.R1	0.23050326546292865	40.0	104.88666922781407	9.090909090909092	7809.0
Tzo-CMta_054-Ex1-3F-lcwgs-1-1.clmp.fp2_repr.R2	0.14086310667178736	40.0	101.09501856831861	9.090909090909092	7809.0
Tzo-CMta_055-Ex1-3G-lcwgs-1-1.clmp.fp2_repr.R1	3.086815520247484	41.0	123.07508998608269	0.0	503689.0
Tzo-CMta_055-Ex1-3G-lcwgs-1-1.clmp.fp2_repr.R2	2.4015138430793854	41.0	118.04561544921569	0.0	503689.0
Tzo-CMta_056-Ex1-3H-lcwgs-1-1.clmp.fp2_repr.R1	2.307985757884026	41.0	109.17704094608342	0.0	62912.0
Tzo-CMta_056-Ex1-3H-lcwgs-1-1.clmp.fp2_repr.R2	1.5640895218718214	41.0	105.81146681078332	0.0	62912.0
Tzo-CMta_057-Ex1-4A-lcwgs-1-1.clmp.fp2_repr.R1	0.26908846283215837	40.0	111.51042717793474	9.090909090909092	5946.0
Tzo-CMta_057-Ex1-4A-lcwgs-1-1.clmp.fp2_repr.R2	0.20181634712412233	40.0	106.97124117053481	9.090909090909092	5946.0
Tzo-CMta_058-Ex1-4B-lcwgs-1-1.clmp.fp2_repr.R1	2.9812657261767015	40.0	122.46840454583398	0.0	83857.0
Tzo-CMta_058-Ex1-4B-lcwgs-1-1.clmp.fp2_repr.R2	1.9056250521721552	40.0	117.4355152223428	0.0	83857.0
Tzo-CMta_059-Ex1-4C-lcwgs-1-1.clmp.fp2_repr.R1	2.5706062480099945	41.0	119.02295071270102	0.0	275852.0
Tzo-CMta_059-Ex1-4C-lcwgs-1-1.clmp.fp2_repr.R2	1.9263163526962188	41.0	114.49431579252642	0.0	275852.0
Tzo-CMta_060-Ex1-4D-lcwgs-1-1.clmp.fp2_repr.R1	3.157198415709672	41.0	124.28773636813068	0.0	608849.0
Tzo-CMta_060-Ex1-4D-lcwgs-1-1.clmp.fp2_repr.R2	2.549724994847935	41.0	118.78143349171962	0.0	608849.0
Tzo-CMta_061-Ex1-4E-lcwgs-1-1.clmp.fp2_repr.R1	2.3999154214829446	41.0	116.94280377784042	0.0	56752.0
Tzo-CMta_061-Ex1-4E-lcwgs-1-1.clmp.fp2_repr.R2	1.4607414716661964	41.0	112.2931350436989	0.0	56752.0
Tzo-CMta_062-Ex1-4F-lcwgs-1-1.clmp.fp2_repr.R1	4.747019881984571	41.0	119.02048373678551	0.0	197132.0
Tzo-CMta_062-Ex1-4F-lcwgs-1-1.clmp.fp2_repr.R2	3.6245355470964	41.0	114.56627031633626	0.0	197132.0
Tzo-CMta_063-Ex1-4G-lcwgs-1-1.clmp.fp2_repr.R1	4.628315263609593	41.0	123.08191406708514	0.0	178907.0
Tzo-CMta_063-Ex1-4G-lcwgs-1-1.clmp.fp2_repr.R2	3.315536003202169	41.0	118.19498398609333	0.0	178907.0
Tzo-CMta_064-Ex1-4H-lcwgs-1-1.clmp.fp2_repr.R1	2.315402606080852	41.0	118.17160040093552	0.0	29930.0
Tzo-CMta_064-Ex1-4H-lcwgs-1-1.clmp.fp2_repr.R2	1.546942866688937	41.0	113.7047109923154	9.090909090909092	29930.0
Tzo-CMvi_006-Ex1-7B-lcwgs-1-1.clmp.fp2_repr.R1	5.194677209187589	40.0	140.05132224499562	0.0	2520486.0
Tzo-CMvi_006-Ex1-7B-lcwgs-1-1.clmp.fp2_repr.R2	4.9874824583243935	40.0	132.64297560073732	0.0	2520486.0
Tzo-CMvi_007-Ex1-8E-lcwgs-1-1.clmp.fp2_repr.R1	5.405485399131464	40.0	139.98772584095283	0.0	783516.0
Tzo-CMvi_007-Ex1-8E-lcwgs-1-1.clmp.fp2_repr.R2	4.610359933345691	40.0	132.0120405964907	0.0	783516.0
Tzo-CMvi_011-Ex1-5G-lcwgs-1-1.clmp.fp2_repr.R1	5.619131884253449	40.0	140.0544677611683	0.0	1681435.0
Tzo-CMvi_011-Ex1-5G-lcwgs-1-1.clmp.fp2_repr.R2	5.205678269573326	40.0	132.53855248641784	0.0	1681435.0
Tzo-CMvi_012-Ex1-1G-lcwgs-1-1.clmp.fp2_repr.R1	4.059012751927156	39.0	131.5762398883467	0.0	2237641.0
Tzo-CMvi_012-Ex1-1G-lcwgs-1-1.clmp.fp2_repr.R2	3.831665784429646	39.0	126.01806813514769	0.0	2237641.0
Tzo-CMvi_013-Ex1-2B-lcwgs-1-1.clmp.fp2_repr.R1	4.549525405945715	39.0	140.546700505522	0.0	970482.0
Tzo-CMvi_013-Ex1-2B-lcwgs-1-1.clmp.fp2_repr.R2	3.8943621699596633	39.0	132.58886409021497	0.0	970482.0
Tzo-CMvi_015-Ex1-2F-lcwgs-1-1.clmp.fp2_repr.R1	5.439897796509754	40.0	141.83535737221771	0.0	1004345.0
Tzo-CMvi_015-Ex1-2F-lcwgs-1-1.clmp.fp2_repr.R2	4.800849956243269	40.0	133.1465273387133	0.0	1004345.0
Tzo-CMvi_016-Ex1-1D-lcwgs-1-1.clmp.fp2_repr.R1	3.8732482539755324	40.0	134.30600163197818	0.0	1398303.0
Tzo-CMvi_016-Ex1-1D-lcwgs-1-1.clmp.fp2_repr.R2	3.4038142118729553	40.0	128.0660429105852	0.0	1398303.0
Tzo-CMvi_018-Ex1-1F-lcwgs-2-1.clmp.fp2_repr.R1	6.487736129190566	41.0	142.74857079883736	0.0	145186.0
Tzo-CMvi_018-Ex1-1F-lcwgs-2-1.clmp.fp2_repr.R2	3.8074413199216366	41.0	132.42615679197718	0.0	145186.0
Tzo-CMvi_019-Ex1-1G-lcwgs-2-1.clmp.fp2_repr.R1	0.1588742623695083	40.0	102.86949614162506	9.090909090909092	4406.0
Tzo-CMvi_019-Ex1-1G-lcwgs-2-1.clmp.fp2_repr.R2	0.09078529278257008	40.0	99.71379936450295	9.090909090909092	4406.0
Tzo-CMvi_020-Ex1-7D-lcwgs-1-1.clmp.fp2_repr.R1	4.909160888800386	41.0	139.86219593937975	0.0	1605272.0
Tzo-CMvi_020-Ex1-7D-lcwgs-1-1.clmp.fp2_repr.R2	4.664971999136256	41.0	132.01364005601542	0.0	1605272.0
Tzo-CMvi_027-Ex1-1H-lcwgs-2-1.clmp.fp2_repr.R1	0.1577909270216935	40.0	103.56962524654833	9.090909090909092	2535.0
Tzo-CMvi_027-Ex1-1H-lcwgs-2-1.clmp.fp2_repr.R2	0.11834319526626302	40.0	100.30414201183432	9.090909090909092	2535.0
Tzo-CMvi_028-Ex1-2A-lcwgs-2-1.clmp.fp2_repr.R1	4.0363395747268385	40.0	136.59432730654362	0.0	55917.0
Tzo-CMvi_028-Ex1-2A-lcwgs-2-1.clmp.fp2_repr.R2	2.3069907183861744	40.0	128.29649301643508	0.0	55917.0
Tzo-CMvi_029-Ex1-3C-lcwgs-1-1.clmp.fp2_repr.R1	5.156738642924381	40.0	141.16685733418902	0.0	1146848.0
Tzo-CMvi_029-Ex1-3C-lcwgs-1-1.clmp.fp2_repr.R2	4.455462486541791	40.0	132.60000889394234	0.0	1146848.0
Tzo-CMvi_030-Ex1-2H-lcwgs-1-1.clmp.fp2_repr.R1	4.9410443127679	40.0	141.19662549458008	0.0	1320312.0
Tzo-CMvi_030-Ex1-2H-lcwgs-1-1.clmp.fp2_repr.R2	4.104317181941241	40.0	132.8059678318458	0.0	1320312.0
Tzo-CMvi_031-Ex1-2B-lcwgs-2-1.clmp.fp2_repr.R1	4.663037307393651	40.0	139.1141577527854	0.0	971051.0
Tzo-CMvi_031-Ex1-2B-lcwgs-2-1.clmp.fp2_repr.R2	4.342149807932245	40.0	131.4596638075652	0.0	971051.0
Tzo-CMvi_032-Ex1-2C-lcwgs-2-1.clmp.fp2_repr.R1	5.298419061493348	40.0	138.3756718909132	0.0	141392.0
Tzo-CMvi_032-Ex1-2C-lcwgs-2-1.clmp.fp2_repr.R2	3.4646771875505635	40.0	129.9483704877221	0.0	141392.0
Tzo-CMvi_033-Ex1-2D-lcwgs-2-1.clmp.fp2_repr.R1	2.4295209718083868	40.0	124.62033004813202	0.0	8726.0
Tzo-CMvi_033-Ex1-2D-lcwgs-2-1.clmp.fp2_repr.R2	1.4898005959202436	40.0	118.20891588356635	9.090909090909092	8726.0
Tzo-CMvi_034-Ex1-2E-lcwgs-2-1.clmp.fp2_repr.R1	0.1257229067136052	40.0	101.47372391249685	9.090909090909092	3977.0
Tzo-CMvi_034-Ex1-2E-lcwgs-2-1.clmp.fp2_repr.R2	0.07543374402816028	39.0	98.58612019109881	9.090909090909092	3977.0
Tzo-CMvi_035-Ex1-2F-lcwgs-2-1.clmp.fp2_repr.R1	4.720496894409948	41.0	141.53185448092282	0.0	61985.0
Tzo-CMvi_035-Ex1-2F-lcwgs-2-1.clmp.fp2_repr.R2	2.5538436718561	41.0	131.456691134952	0.0	61985.0
Tzo-CMvi_038-Ex1-6B-lcwgs-1-1.clmp.fp2_repr.R1	4.56207477888772	39.0	138.88298653487655	0.0	596504.0
Tzo-CMvi_038-Ex1-6B-lcwgs-1-1.clmp.fp2_repr.R2	3.682491950396752	39.0	131.71743357965747	0.0	596504.0
Tzo-CMvi_040-Ex1-2G-lcwgs-2-1.clmp.fp2_repr.R1	0.30508474576271283	40.0	103.04305084745762	9.090909090909092	2950.0
Tzo-CMvi_040-Ex1-2G-lcwgs-2-1.clmp.fp2_repr.R2	0.13559322033897558	40.0	99.51694915254237	9.090909090909092	2950.0
Tzo-CMvi_041-Ex1-4D-lcwgs-1-1.clmp.fp2_repr.R1	4.106462882668424	40.0	137.4717430933149	0.0	636340.0
Tzo-CMvi_041-Ex1-4D-lcwgs-1-1.clmp.fp2_repr.R2	3.482814828921107	40.0	130.14932740358927	0.0	636340.0
Tzo-CMvi_042-Ex1-2H-lcwgs-2-1.clmp.fp2_repr.R1	4.450821941947993	41.0	141.01830173954636	0.0	39723.0
Tzo-CMvi_042-Ex1-2H-lcwgs-2-1.clmp.fp2_repr.R2	2.2984165345014276	41.0	131.18397402008912	0.0	39723.0
Tzo-CMvi_044-Ex1-3A-lcwgs-2-1.clmp.fp2_repr.R1	5.322355338158218	40.0	139.5123571833725	0.0	111069.0
Tzo-CMvi_044-Ex1-3A-lcwgs-2-1.clmp.fp2_repr.R2	3.0390719884528323	40.0	130.43886232882264	0.0	111069.0
Tzo-CMvi_045-Ex1-8B-lcwgs-1-1.clmp.fp2_repr.R1	5.512301865098223	40.0	142.94432325068396	0.0	1720844.0
Tzo-CMvi_045-Ex1-8B-lcwgs-1-1.clmp.fp2_repr.R2	4.986622636400469	40.0	133.80288683924866	0.0	1720844.0
Tzo-CMvi_046-Ex1-6E-lcwgs-1-1.clmp.fp2_repr.R1	5.326687523975664	39.0	139.35913610408338	0.0	1242696.0
Tzo-CMvi_046-Ex1-6E-lcwgs-1-1.clmp.fp2_repr.R2	4.566464512501639	39.0	131.67810872490134	0.0	1242696.0
Tzo-CMvi_047-Ex1-1F-lcwgs-1-1.clmp.fp2_repr.R1	4.212043502655703	40.0	133.9583461685617	0.0	1019330.0
Tzo-CMvi_047-Ex1-1F-lcwgs-1-1.clmp.fp2_repr.R2	3.7243173172757906	40.0	128.0328107678573	0.0	1019330.0
Tzo-CMvi_048-Ex1-2A-lcwgs-1-1.clmp.fp2_repr.R1	4.746434993338525	40.0	138.9774147456475	0.0	1038598.0
Tzo-CMvi_048-Ex1-2A-lcwgs-1-1.clmp.fp2_repr.R2	4.089914094179363	40.0	131.59086383759646	0.0	1038598.0
Tzo-CMvi_049-Ex1-5B-lcwgs-1-1.clmp.fp2_repr.R1	4.926037852122164	40.0	140.99342457866516	0.0	854546.0
Tzo-CMvi_049-Ex1-5B-lcwgs-1-1.clmp.fp2_repr.R2	4.269524493771328	40.0	132.9374568484318	0.0	854546.0
Tzo-CMvi_050-Ex1-3B-lcwgs-2-1.clmp.fp2_repr.R1	3.558743169398909	40.0	131.33408469945354	0.0	29280.0
Tzo-CMvi_050-Ex1-3B-lcwgs-2-1.clmp.fp2_repr.R2	1.9945355191256908	40.0	123.95030737704919	0.0	29280.0
Tzo-CMvi_051-Ex1-6H-lcwgs-1-1.clmp.fp2_repr.R1	4.78076083868838	39.0	139.15896099045386	0.0	781783.0
Tzo-CMvi_051-Ex1-6H-lcwgs-1-1.clmp.fp2_repr.R2	4.0361244380210906	39.0	131.94465343963734	0.0	781783.0
Tzo-CMvi_052-Ex1-7E-lcwgs-1-1.clmp.fp2_repr.R1	4.037614319491439	40.0	137.59321133326	0.0	754699.0
Tzo-CMvi_052-Ex1-7E-lcwgs-1-1.clmp.fp2_repr.R2	3.3662074490941336	40.0	130.51806216783115	0.0	754699.0
Tzo-CMvi_053-Ex1-3C-lcwgs-2-1.clmp.fp2_repr.R1	2.8069870513600392	40.0	126.66802815677414	9.090909090909092	11507.0
Tzo-CMvi_053-Ex1-3C-lcwgs-2-1.clmp.fp2_repr.R2	1.3383158077691917	40.0	119.8945859042322	9.090909090909092	11507.0
Tzo-CMvi_054-Ex1-3D-lcwgs-2-1.clmp.fp2_repr.R1	5.112570556556577	40.0	137.7156356342014	0.0	139585.0
Tzo-CMvi_054-Ex1-3D-lcwgs-2-1.clmp.fp2_repr.R2	3.288385198395929	40.0	129.71625891034137	0.0	139585.0
Tzo-CMvi_057-Ex1-1H-lcwgs-1-1.clmp.fp2_repr.R1	4.39627962255598	40.0	136.91657997779205	0.0	855550.0
Tzo-CMvi_057-Ex1-1H-lcwgs-1-1.clmp.fp2_repr.R2	3.864445485234171	40.0	130.09858336742445	0.0	855550.0
Tzo-CMvi_058-Ex1-3E-lcwgs-2-1.clmp.fp2_repr.R1	4.0990432172500135	40.0	138.72105314671626	0.0	214557.0
Tzo-CMvi_058-Ex1-3E-lcwgs-2-1.clmp.fp2_repr.R2	2.741345012592305	40.0	130.56433488536845	0.0	214557.0
Tzo-CMvi_061-Ex1-3F-lcwgs-2-1.clmp.fp2_repr.R1	5.708530014780905	40.0	142.81947027130118	0.0	83892.0
Tzo-CMvi_061-Ex1-3F-lcwgs-2-1.clmp.fp2_repr.R2	3.0646545558575298	40.0	132.38469699136985	0.0	83892.0
Tzo-CMvi_062-Ex1-3G-lcwgs-2-1.clmp.fp2_repr.R1	4.655660509571987	40.0	140.44796367407574	0.0	35677.0
Tzo-CMvi_062-Ex1-3G-lcwgs-2-1.clmp.fp2_repr.R2	2.480589735684063	40.0	130.89334865599687	0.0	35677.0
Tzo-CMvi_063-Ex1-7A-lcwgs-1-1.clmp.fp2_repr.R1	4.1365601677372155	40.0	137.68262692315406	0.0	897354.0
Tzo-CMvi_063-Ex1-7A-lcwgs-1-1.clmp.fp2_repr.R2	3.543241493714362	40.0	130.70539162916754	0.0	897354.0
Tzo-CMvi_064-Ex1-3A-lcwgs-1-1.clmp.fp2_repr.R1	5.2516139863134015	39.0	140.9172173938727	0.0	947989.0
Tzo-CMvi_064-Ex1-3A-lcwgs-1-1.clmp.fp2_repr.R2	4.612650298686404	39.0	132.43759157542968	0.0	947989.0
Tzo-CMvi_065-Ex1-1E-lcwgs-1-1.clmp.fp2_repr.R1	4.004947372437769	39.0	136.03690932329422	0.0	717461.0
Tzo-CMvi_065-Ex1-1E-lcwgs-1-1.clmp.fp2_repr.R2	3.341982518628953	39.0	129.24999407633308	0.0	717461.0
Tzo-CMvi_066-Ex1-5F-lcwgs-1-1.clmp.fp2_repr.R1	5.004340948499447	40.0	140.50581046213136	0.0	909222.0
Tzo-CMvi_066-Ex1-5F-lcwgs-1-1.clmp.fp2_repr.R2	4.3003383445143015	40.0	132.76433808244852	0.0	909222.0
Tzo-CMvi_067-Ex1-6A-lcwgs-1-1.clmp.fp2_repr.R1	5.477848428447913	40.0	140.1057838412077	0.0	2235625.0
Tzo-CMvi_067-Ex1-6A-lcwgs-1-1.clmp.fp2_repr.R2	5.00194183121387	40.0	132.57801643835617	0.0	2235625.0
Tzo-CMvi_068-Ex1-6F-lcwgs-1-1.clmp.fp2_repr.R1	4.839634008593791	39.0	138.17384620126145	0.0	551591.0
Tzo-CMvi_068-Ex1-6F-lcwgs-1-1.clmp.fp2_repr.R2	3.707926752457837	39.0	130.97600577239294	0.0	551591.0
Tzo-CMvi_069-Ex1-7G-lcwgs-1-1.clmp.fp2_repr.R1	4.338944617525769	40.0	138.42126065921707	0.0	1166596.0
Tzo-CMvi_069-Ex1-7G-lcwgs-1-1.clmp.fp2_repr.R2	3.956598368719554	40.0	131.30183028229138	0.0	1166596.0
Tzo-CMvi_070-Ex1-3H-lcwgs-2-1.clmp.fp2_repr.R1	0.0641025641025692	39.0	102.02051282051282	9.090909090909092	1560.0
Tzo-CMvi_070-Ex1-3H-lcwgs-2-1.clmp.fp2_repr.R2	0.0	39.0	98.3198717948718	9.090909090909092	1560.0
Tzo-CMvi_071-Ex1-4A-lcwgs-2-1.clmp.fp2_repr.R1	4.32823933495942	40.0	133.9103738364279	0.0	40178.0
Tzo-CMvi_071-Ex1-4A-lcwgs-2-1.clmp.fp2_repr.R2	2.424212255463189	40.0	126.28421026432376	0.0	40178.0
Tzo-CMvi_075-Ex1-3D-lcwgs-1-1.clmp.fp2_repr.R1	5.1690111632348135	40.0	141.6715882273981	0.0	1154715.0
Tzo-CMvi_075-Ex1-3D-lcwgs-1-1.clmp.fp2_repr.R2	4.502856036302077	39.0	133.01157774862196	0.0	1154715.0
Tzo-CMvi_076-Ex1-5A-lcwgs-1-1.clmp.fp2_repr.R1	5.091169442070381	40.0	141.40453901044805	0.0	1098962.0
Tzo-CMvi_076-Ex1-5A-lcwgs-1-1.clmp.fp2_repr.R2	4.6028254414369485	40.0	133.33688334992473	0.0	1098962.0
Tzo-CMvi_077-Ex1-6D-lcwgs-1-1.clmp.fp2_repr.R1	5.569374687718451	39.0	140.65677423201612	0.0	1442348.0
Tzo-CMvi_077-Ex1-6D-lcwgs-1-1.clmp.fp2_repr.R2	4.798022689845169	39.0	133.03749303219473	0.0	1442348.0
Tzo-CMvi_078-Ex1-4B-lcwgs-2-1.clmp.fp2_repr.R1	4.323434665641997	40.0	139.00566727818742	0.0	256737.0
Tzo-CMvi_078-Ex1-4B-lcwgs-2-1.clmp.fp2_repr.R2	2.99073223952837	40.0	130.84066573964796	0.0	256737.0
Tzo-CMvi_079-Ex1-7C-lcwgs-1-1.clmp.fp2_repr.R1	5.12212140907819	40.0	140.05722518091963	0.0	478251.0
Tzo-CMvi_079-Ex1-7C-lcwgs-1-1.clmp.fp2_repr.R2	4.408223829759578	40.0	132.2929716822338	0.0	478251.0
Tzo-CMvi_080-Ex1-4C-lcwgs-2-1.clmp.fp2_repr.R1	5.617708034359779	40.0	138.88666808264426	0.0	136537.0
Tzo-CMvi_080-Ex1-4C-lcwgs-2-1.clmp.fp2_repr.R2	3.540780595887753	40.0	130.53660912426668	0.0	136537.0
Tzo-CMvi_081-Ex1-4D-lcwgs-2-1.clmp.fp2_repr.R1	6.107806074385024	40.0	138.45342206522426	0.0	158530.0
Tzo-CMvi_081-Ex1-4D-lcwgs-2-1.clmp.fp2_repr.R2	3.9799023316348325	40.0	130.45540907083833	0.0	158530.0
Tzo-CMvi_082-Ex1-6C-lcwgs-1-1.clmp.fp2_repr.R1	5.145138892554371	39.0	139.522505932208	0.0	1289149.0
Tzo-CMvi_082-Ex1-6C-lcwgs-1-1.clmp.fp2_repr.R2	4.269849714214985	39.0	131.97310939232005	0.0	1289149.0
Tzo-CMvi_083-Ex1-4E-lcwgs-2-1.clmp.fp2_repr.R1	4.485495101093733	40.0	130.29988212819575	0.0	123015.0
Tzo-CMvi_083-Ex1-4E-lcwgs-2-1.clmp.fp2_repr.R2	2.8501300988338443	40.0	123.93413811323822	0.0	123015.0
Tzo-CMvi_087-Ex1-2D-lcwgs-1-1.clmp.fp2_repr.R1	5.037691473472833	40.0	141.66130048573288	0.0	882378.0
Tzo-CMvi_087-Ex1-2D-lcwgs-1-1.clmp.fp2_repr.R2	4.356124060052025	40.0	133.01494484223315	0.0	882378.0
Tzo-CMvi_088-Ex1-4F-lcwgs-2-1.clmp.fp2_repr.R1	5.245063772733005	40.0	140.6064998911337	0.0	87263.0
Tzo-CMvi_088-Ex1-4F-lcwgs-2-1.clmp.fp2_repr.R2	2.9061572487766796	40.0	131.35505311529514	0.0	87263.0
Tzo-CMvi_089-Ex1-5D-lcwgs-1-1.clmp.fp2_repr.R1	5.4939804361552405	39.0	139.91656350557463	0.0	3048630.0
Tzo-CMvi_089-Ex1-5D-lcwgs-1-1.clmp.fp2_repr.R2	5.217741312505581	39.0	132.36988483351539	0.0	3048630.0
Tzo-CMvi_090-Ex1-3F-lcwgs-1-1.clmp.fp2_repr.R1	3.9470163555573663	39.0	130.74165176921395	0.0	795438.0
Tzo-CMvi_090-Ex1-3F-lcwgs-1-1.clmp.fp2_repr.R2	3.239758798285777	39.0	125.09478425722683	0.0	795438.0
Tzo-CMvi_091-Ex1-2C-lcwgs-1-1.clmp.fp2_repr.R1	5.779698560303075	40.0	141.56895189487827	0.0	1365655.0
Tzo-CMvi_091-Ex1-2C-lcwgs-1-1.clmp.fp2_repr.R2	5.477580369743009	40.0	133.2933991381425	0.0	1365655.0
Tzo-CMvi_092-Ex1-4G-lcwgs-2-1.clmp.fp2_repr.R1	4.853690900202523	40.0	140.4952510650185	0.0	57276.0
Tzo-CMvi_092-Ex1-4G-lcwgs-2-1.clmp.fp2_repr.R2	2.6939730428102564	40.0	130.98170263286542	0.0	57276.0
Tzo-CMvi_093-Ex1-4H-lcwgs-2-1.clmp.fp2_repr.R1	3.7587920242627604	39.0	135.50422662450796	0.0	30994.0
Tzo-CMvi_093-Ex1-4H-lcwgs-2-1.clmp.fp2_repr.R2	2.2101051816480606	39.0	128.36236045686263	0.0	30994.0
Tzo-CMvi_094-Ex1-8C-lcwgs-1-1.clmp.fp2_repr.R1	5.4116200250160205	40.0	140.83048820986974	0.0	2433052.0
Tzo-CMvi_094-Ex1-8C-lcwgs-1-1.clmp.fp2_repr.R2	5.1109482006419	40.0	132.71497197758205	0.0	2433052.0
