Sample	FastQC_mqc-generalstats-fastqc-percent_duplicates	FastQC_mqc-generalstats-fastqc-percent_gc	FastQC_mqc-generalstats-fastqc-avg_sequence_length	FastQC_mqc-generalstats-fastqc-percent_fails	FastQC_mqc-generalstats-fastqc-total_sequences
Tzo-ABol_002-Ex1-2A-lcwgs-1-1.1	13.110209422986443	42.0	150.0	9.090909090909092	864306.0
Tzo-ABol_002-Ex1-2A-lcwgs-1-1.2	11.542171684367133	43.0	150.0	18.181818181818183	864306.0
Tzo-ABol_003-Ex1-3A-lcwgs-1-1.1	13.92514034655727	42.0	150.0	9.090909090909092	856887.0
Tzo-ABol_003-Ex1-3A-lcwgs-1-1.2	12.012881918821549	43.0	150.0	9.090909090909092	856887.0
Tzo-ABol_008-Ex1-8A-lcwgs-1-1.1	16.27251244531125	42.0	150.0	9.090909090909092	3101798.0
Tzo-ABol_008-Ex1-8A-lcwgs-1-1.2	14.37026429160099	42.0	150.0	9.090909090909092	3101798.0
Tzo-ABol_009-Ex1-9A-lcwgs-1-1.1	18.637407875449625	44.0	150.0	9.090909090909092	2875810.0
Tzo-ABol_009-Ex1-9A-lcwgs-1-1.2	16.55248581418175	44.0	150.0	9.090909090909092	2875810.0
Tzo-ABol_010-Ex1-10A-lcwgs-1-1.1	16.886791316901665	42.0	150.0	9.090909090909092	4709975.0
Tzo-ABol_010-Ex1-10A-lcwgs-1-1.2	15.075289979639507	43.0	150.0	18.181818181818183	4709975.0
Tzo-ABol_011-Ex1-11A-lcwgs-1-1.1	1.6091833525526766	42.0	150.0	9.090909090909092	19078.0
Tzo-ABol_011-Ex1-11A-lcwgs-1-1.2	1.4362092462522327	42.0	150.0	9.090909090909092	19078.0
Tzo-ABol_012-Ex1-12A-lcwgs-1-1.1	12.21464374993819	42.0	150.0	9.090909090909092	1235224.0
Tzo-ABol_012-Ex1-12A-lcwgs-1-1.2	10.948150628655085	42.0	150.0	18.181818181818183	1235224.0
Tzo-ABol_020-Ex1-8B-lcwgs-1-1.1	18.030520220619778	42.0	150.0	9.090909090909092	5429490.0
Tzo-ABol_020-Ex1-8B-lcwgs-1-1.2	16.175262041754678	42.0	150.0	9.090909090909092	5429490.0
Tzo-ABol_023-Ex1-11B-lcwgs-1-1.1	16.667932750278396	42.0	150.0	9.090909090909092	5905515.0
Tzo-ABol_023-Ex1-11B-lcwgs-1-1.2	14.747654391365387	42.0	150.0	9.090909090909092	5905515.0
Tzo-ABol_024-Ex1-12B-lcwgs-1-1.1	1.803532362200528	42.0	150.0	9.090909090909092	18741.0
Tzo-ABol_024-Ex1-12B-lcwgs-1-1.2	1.4727068993116745	42.0	150.0	9.090909090909092	18741.0
Tzo-ABol_026-Ex1-2C-lcwgs-1-1.1	14.701200901408129	42.0	150.0	9.090909090909092	2515601.0
Tzo-ABol_026-Ex1-2C-lcwgs-1-1.2	13.294574337550472	42.0	150.0	18.181818181818183	2515601.0
Tzo-ABol_030-Ex1-6C-lcwgs-1-1.1	15.557599767745728	42.0	150.0	9.090909090909092	5468857.0
Tzo-ABol_030-Ex1-6C-lcwgs-1-1.2	13.822836522772775	43.0	150.0	9.090909090909092	5468857.0
Tzo-ABol_034-Ex1-10C-lcwgs-1-1.1	15.480770100472213	42.0	150.0	9.090909090909092	5269122.0
Tzo-ABol_034-Ex1-10C-lcwgs-1-1.2	13.846812872099193	43.0	150.0	9.090909090909092	5269122.0
Tzo-ABol_035-Ex1-11C-lcwgs-1-1.1	9.54795523843002	42.0	150.0	18.181818181818183	289768.0
Tzo-ABol_035-Ex1-11C-lcwgs-1-1.2	8.366734209141086	42.0	150.0	9.090909090909092	289768.0
Tzo-ABol_036-Ex1-12C-lcwgs-1-1.1	18.549303441288615	43.0	150.0	9.090909090909092	6452925.0
Tzo-ABol_036-Ex1-12C-lcwgs-1-1.2	16.76052184331907	44.0	150.0	9.090909090909092	6452925.0
Tzo-ABol_038-Ex1-2D-lcwgs-1-1.1	16.19321409902294	42.0	150.0	18.181818181818183	3245959.0
Tzo-ABol_038-Ex1-2D-lcwgs-1-1.2	14.48234307200515	43.0	150.0	18.181818181818183	3245959.0
Tzo-ABol_043-Ex1-7D-lcwgs-1-1.1	13.518345874063272	42.0	150.0	9.090909090909092	3089794.0
Tzo-ABol_043-Ex1-7D-lcwgs-1-1.2	12.15789466903378	43.0	150.0	9.090909090909092	3089794.0
Tzo-ABol_044-Ex1-8D-lcwgs-1-1.1	29.558732025681664	45.0	150.0	9.090909090909092	6512212.0
Tzo-ABol_044-Ex1-8D-lcwgs-1-1.2	26.357075307348765	45.0	150.0	9.090909090909092	6512212.0
Tzo-ABol_045-Ex1-9D-lcwgs-1-1.1	14.404665862565139	43.0	150.0	9.090909090909092	3409981.0
Tzo-ABol_045-Ex1-9D-lcwgs-1-1.2	12.898622893838464	43.0	150.0	9.090909090909092	3409981.0
Tzo-ABol_046-Ex1-10D-lcwgs-1-1.1	11.348360936164184	43.0	150.0	9.090909090909092	1050932.0
Tzo-ABol_046-Ex1-10D-lcwgs-1-1.2	10.019415930923174	44.0	150.0	9.090909090909092	1050932.0
Tzo-ABol_047-Ex1-11D-lcwgs-1-1.1	17.072924888636905	42.0	150.0	9.090909090909092	5225740.0
Tzo-ABol_047-Ex1-11D-lcwgs-1-1.2	15.095659598956217	43.0	150.0	9.090909090909092	5225740.0
Tzo-ABol_048-Ex1-12D-lcwgs-1-1.1	10.704436087609608	42.0	150.0	9.090909090909092	1250634.0
Tzo-ABol_048-Ex1-12D-lcwgs-1-1.2	9.454274260517792	42.0	150.0	9.090909090909092	1250634.0
Tzo-ABol_050-Ex1-2E-lcwgs-1-1.1	13.314105759718899	43.0	150.0	9.090909090909092	2312137.0
Tzo-ABol_050-Ex1-2E-lcwgs-1-1.2	11.788133581671929	43.0	150.0	9.090909090909092	2312137.0
Tzo-ABol_051-Ex1-3E-lcwgs-1-1.1	14.152760464997499	43.0	150.0	9.090909090909092	1025820.0
Tzo-ABol_051-Ex1-3E-lcwgs-1-1.2	12.388395411116576	43.0	150.0	18.181818181818183	1025820.0
Tzo-ABol_052-Ex1-4E-lcwgs-1-1.1	13.403547384810906	42.0	150.0	9.090909090909092	2548331.0
Tzo-ABol_052-Ex1-4E-lcwgs-1-1.2	11.950829304844177	43.0	150.0	18.181818181818183	2548331.0
Tzo-ABol_053-Ex1-5E-lcwgs-1-1.1	17.848776287237314	42.0	150.0	9.090909090909092	9054228.0
Tzo-ABol_053-Ex1-5E-lcwgs-1-1.2	16.124020646857588	42.0	150.0	18.181818181818183	9054228.0
Tzo-ABol_054-Ex1-6E-lcwgs-1-1.1	20.042353603330213	43.0	150.0	18.181818181818183	8248037.0
Tzo-ABol_054-Ex1-6E-lcwgs-1-1.2	17.92750469326087	43.0	150.0	18.181818181818183	8248037.0
Tzo-ABol_055-Ex1-7E-lcwgs-1-1.1	13.925877616788625	42.0	150.0	9.090909090909092	2866595.0
Tzo-ABol_055-Ex1-7E-lcwgs-1-1.2	12.326519436488326	42.0	150.0	9.090909090909092	2866595.0
Tzo-ABol_056-Ex1-8E-lcwgs-1-1.1	13.570294986631424	42.0	150.0	9.090909090909092	1781898.0
Tzo-ABol_056-Ex1-8E-lcwgs-1-1.2	11.871131695011655	43.0	150.0	18.181818181818183	1781898.0
Tzo-ABol_057-Ex1-9E-lcwgs-1-1.1	17.464964879854023	42.0	150.0	9.090909090909092	6672499.0
Tzo-ABol_057-Ex1-9E-lcwgs-1-1.2	15.681385945434556	43.0	150.0	9.090909090909092	6672499.0
Tzo-ABol_058-Ex1-10E-lcwgs-1-1.1	11.668541794101031	42.0	150.0	9.090909090909092	1811562.0
Tzo-ABol_058-Ex1-10E-lcwgs-1-1.2	10.289467152319915	42.0	150.0	18.181818181818183	1811562.0
Tzo-ABol_059-Ex1-11E-lcwgs-1-1.1	12.653127657765737	42.0	150.0	9.090909090909092	1533875.0
Tzo-ABol_059-Ex1-11E-lcwgs-1-1.2	11.141445294378087	42.0	150.0	9.090909090909092	1533875.0
Tzo-ABol_060-Ex1-12E-lcwgs-1-1.1	12.294597956383384	42.0	150.0	9.090909090909092	1539760.0
Tzo-ABol_060-Ex1-12E-lcwgs-1-1.2	10.840543264151819	43.0	150.0	18.181818181818183	1539760.0
Tzo-ABol_061-Ex1-1F-lcwgs-1-1.1	13.005065230597168	43.0	150.0	9.090909090909092	1633164.0
Tzo-ABol_061-Ex1-1F-lcwgs-1-1.2	11.53598659691103	43.0	150.0	9.090909090909092	1633164.0
Tzo-ABol_062-Ex1-2F-lcwgs-1-1.1	17.822824737820895	43.0	150.0	18.181818181818183	5753199.0
Tzo-ABol_062-Ex1-2F-lcwgs-1-1.2	16.117788311701403	44.0	150.0	18.181818181818183	5753199.0
Tzo-ABol_063-Ex1-3F-lcwgs-1-1.1	3.318990246701091	42.0	150.0	9.090909090909092	34860.0
Tzo-ABol_063-Ex1-3F-lcwgs-1-1.2	2.8886976477337925	43.0	150.0	9.090909090909092	34860.0
Tzo-ABol_065-Ex1-5F-lcwgs-1-1.1	15.034057570566432	43.0	150.0	9.090909090909092	2864518.0
Tzo-ABol_065-Ex1-5F-lcwgs-1-1.2	13.56892580656627	43.0	150.0	9.090909090909092	2864518.0
Tzo-ABol_066-Ex1-6F-lcwgs-1-1.1	12.165183076307315	42.0	150.0	9.090909090909092	2725104.0
Tzo-ABol_066-Ex1-6F-lcwgs-1-1.2	11.151555273629157	43.0	150.0	9.090909090909092	2725104.0
Tzo-ABol_067-Ex1-7F-lcwgs-1-1.1	13.737047356148778	42.0	150.0	9.090909090909092	2514111.0
Tzo-ABol_067-Ex1-7F-lcwgs-1-1.2	12.359233862806192	43.0	150.0	9.090909090909092	2514111.0
Tzo-ABol_068-Ex1-8F-lcwgs-1-1.1	20.182980043245223	44.0	150.0	9.090909090909092	3849998.0
Tzo-ABol_068-Ex1-8F-lcwgs-1-1.2	18.295624163205034	44.0	150.0	9.090909090909092	3849998.0
Tzo-ABol_069-Ex1-9F-lcwgs-1-1.1	15.616752371697345	42.0	150.0	9.090909090909092	4515947.0
Tzo-ABol_069-Ex1-9F-lcwgs-1-1.2	14.024279029598318	43.0	150.0	9.090909090909092	4515947.0
Tzo-ABol_070-Ex1-10F-lcwgs-1-1.1	12.305947315560871	42.0	150.0	9.090909090909092	1496968.0
Tzo-ABol_070-Ex1-10F-lcwgs-1-1.2	10.89326856909939	42.0	150.0	9.090909090909092	1496968.0
Tzo-ABol_071-Ex1-11F-lcwgs-1-1.1	12.011584477210945	42.0	150.0	9.090909090909092	949025.0
Tzo-ABol_071-Ex1-11F-lcwgs-1-1.2	10.560450133885738	42.0	150.0	9.090909090909092	949025.0
Tzo-ABol_072-Ex1-12F-lcwgs-1-1.1	14.458588041098324	42.0	150.0	9.090909090909092	2102366.0
Tzo-ABol_072-Ex1-12F-lcwgs-1-1.2	12.9751061178671	42.0	150.0	9.090909090909092	2102366.0
Tzo-ABol_073-Ex1-1G-lcwgs-1-1.1	12.56630330924257	42.0	150.0	9.090909090909092	1989324.0
Tzo-ABol_073-Ex1-1G-lcwgs-1-1.2	11.185914352787762	43.0	150.0	18.181818181818183	1989324.0
Tzo-ABol_075-Ex1-3G-lcwgs-1-1.1	17.84484288368904	43.0	150.0	9.090909090909092	6832254.0
Tzo-ABol_075-Ex1-3G-lcwgs-1-1.2	15.946560936411785	44.0	150.0	18.181818181818183	6832254.0
Tzo-ABol_076-Ex1-4G-lcwgs-1-1.1	17.27389328816713	44.0	150.0	9.090909090909092	4821810.0
Tzo-ABol_076-Ex1-4G-lcwgs-1-1.2	15.621622694151355	44.0	150.0	18.181818181818183	4821810.0
Tzo-ABol_077-Ex1-5G-lcwgs-1-1.1	12.403526464269476	42.0	150.0	9.090909090909092	1751788.0
Tzo-ABol_077-Ex1-5G-lcwgs-1-1.2	10.99691008561409	42.0	150.0	9.090909090909092	1751788.0
Tzo-ABol_078-Ex1-6G-lcwgs-1-1.1	13.083826440875086	42.0	150.0	9.090909090909092	2658592.0
Tzo-ABol_078-Ex1-6G-lcwgs-1-1.2	11.871493179302448	42.0	150.0	9.090909090909092	2658592.0
Tzo-ABol_079-Ex1-7G-lcwgs-1-1.1	13.32557286789914	41.0	150.0	9.090909090909092	1992887.0
Tzo-ABol_079-Ex1-7G-lcwgs-1-1.2	11.931439530620494	42.0	150.0	9.090909090909092	1992887.0
Tzo-ABol_080-Ex1-8G-lcwgs-1-1.1	18.839948649452012	42.0	150.0	9.090909090909092	7719964.0
Tzo-ABol_080-Ex1-8G-lcwgs-1-1.2	16.94256976530943	42.0	150.0	9.090909090909092	7719964.0
Tzo-ABol_081-Ex1-9G-lcwgs-1-1.1	14.688284202337996	42.0	150.0	9.090909090909092	4270710.0
Tzo-ABol_081-Ex1-9G-lcwgs-1-1.2	13.033508527936277	42.0	150.0	9.090909090909092	4270710.0
Tzo-ABol_082-Ex1-10G-lcwgs-1-1.1	22.83747726818028	45.0	150.0	9.090909090909092	1811288.0
Tzo-ABol_082-Ex1-10G-lcwgs-1-1.2	20.224723407864715	45.0	150.0	9.090909090909092	1811288.0
Tzo-ABol_083-Ex1-11G-lcwgs-1-1.1	15.405680926550033	42.0	150.0	9.090909090909092	1939988.0
Tzo-ABol_083-Ex1-11G-lcwgs-1-1.2	13.656681650551135	43.0	150.0	9.090909090909092	1939988.0
Tzo-ABol_084-Ex1-12G-lcwgs-1-1.1	13.620767430590348	42.0	150.0	9.090909090909092	3150478.0
Tzo-ABol_084-Ex1-12G-lcwgs-1-1.2	12.236797498139737	42.0	150.0	18.181818181818183	3150478.0
Tzo-ABol_085-Ex1-1H-lcwgs-1-1.1	13.768550147068567	43.0	150.0	9.090909090909092	2378964.0
Tzo-ABol_085-Ex1-1H-lcwgs-1-1.2	12.406190975484293	43.0	150.0	9.090909090909092	2378964.0
Tzo-ABol_086-Ex1-2H-lcwgs-1-1.1	14.771371051485545	45.0	150.0	9.090909090909092	1555463.0
Tzo-ABol_086-Ex1-2H-lcwgs-1-1.2	13.238255485752376	45.0	150.0	9.090909090909092	1555463.0
Tzo-ABol_087-Ex1-3H-lcwgs-1-1.1	14.398166514774985	42.0	150.0	9.090909090909092	2636231.0
Tzo-ABol_087-Ex1-3H-lcwgs-1-1.2	12.775964991842116	43.0	150.0	9.090909090909092	2636231.0
Tzo-ABol_088-Ex1-4H-lcwgs-1-1.1	15.388370817051012	43.0	150.0	9.090909090909092	1383390.0
Tzo-ABol_088-Ex1-4H-lcwgs-1-1.2	13.701193581792765	44.0	150.0	9.090909090909092	1383390.0
Tzo-ABol_090-Ex1-6H-lcwgs-1-1.1	10.85065049808992	44.0	150.0	9.090909090909092	342571.0
Tzo-ABol_090-Ex1-6H-lcwgs-1-1.2	9.403908987224028	45.0	150.0	18.181818181818183	342571.0
Tzo-ABol_091-Ex1-7H-lcwgs-1-1.1	13.04749368147084	42.0	150.0	9.090909090909092	1546885.0
Tzo-ABol_091-Ex1-7H-lcwgs-1-1.2	11.568355651303307	43.0	150.0	9.090909090909092	1546885.0
Tzo-ABol_092-Ex1-8H-lcwgs-1-1.1	14.77302379624561	42.0	150.0	9.090909090909092	1749801.0
Tzo-ABol_092-Ex1-8H-lcwgs-1-1.2	13.14626409464968	43.0	150.0	9.090909090909092	1749801.0
Tzo-ABol_093-Ex1-9H-lcwgs-1-1.1	11.807926556654081	42.0	150.0	9.090909090909092	867400.0
Tzo-ABol_093-Ex1-9H-lcwgs-1-1.2	10.39495409112726	42.0	150.0	9.090909090909092	867400.0
Tzo-ABol_095-Ex1-11H-lcwgs-1-1.1	11.469576971951824	42.0	150.0	9.090909090909092	653827.0
Tzo-ABol_095-Ex1-11H-lcwgs-1-1.2	9.963773313943378	42.0	150.0	9.090909090909092	653827.0
Tzo-ABol_096-Ex1-12H-lcwgs-1-1.1	13.276800352342804	42.0	150.0	9.090909090909092	1081734.0
Tzo-ABol_096-Ex1-12H-lcwgs-1-1.2	11.824890636887929	43.0	150.0	9.090909090909092	1081734.0
Tzo-AMta_001-Ex1-5D-lcwgs-1-1.1	22.02300653661331	45.0	150.0	18.181818181818183	3516806.0
Tzo-AMta_001-Ex1-5D-lcwgs-1-1.2	20.10064325226574	45.0	150.0	18.181818181818183	3516806.0
Tzo-AMta_002-Ex1-5E-lcwgs-1-1.1	21.28907237756664	44.0	150.0	18.181818181818183	7625732.0
Tzo-AMta_002-Ex1-5E-lcwgs-1-1.2	19.464510956245462	44.0	150.0	27.27272727272727	7625732.0
Tzo-AMta_003-Ex1-5F-lcwgs-1-1.1	34.80481010248512	45.0	150.0	18.181818181818183	12989527.0
Tzo-AMta_003-Ex1-5F-lcwgs-1-1.2	32.10263876120419	45.0	150.0	18.181818181818183	12989527.0
Tzo-AMta_004-Ex1-5G-lcwgs-1-1.1	20.431856578914903	44.0	150.0	18.181818181818183	6249770.0
Tzo-AMta_004-Ex1-5G-lcwgs-1-1.2	18.682682796717913	45.0	150.0	18.181818181818183	6249770.0
Tzo-AMta_005-Ex1-5H-lcwgs-1-1.1	17.279189991054523	44.0	150.0	18.181818181818183	7491803.0
Tzo-AMta_005-Ex1-5H-lcwgs-1-1.2	15.739093121852648	44.0	150.0	18.181818181818183	7491803.0
Tzo-AMta_006-Ex1-1B-lcwgs-2-1.1	12.153114066308419	45.0	150.0	36.36363636363637	892403.0
Tzo-AMta_006-Ex1-1B-lcwgs-2-1.2	11.002215730679012	45.0	150.0	36.36363636363637	892403.0
Tzo-AMta_006-Ex1-6A-lcwgs-1-1.1	16.37293905417924	43.0	150.0	9.090909090909092	1989975.0
Tzo-AMta_006-Ex1-6A-lcwgs-1-1.2	14.592956373625853	44.0	150.0	18.181818181818183	1989975.0
Tzo-AMta_007-Ex1-6B-lcwgs-1-1.1	17.944882507708996	44.0	150.0	18.181818181818183	7049687.0
Tzo-AMta_007-Ex1-6B-lcwgs-1-1.2	16.0529531105917	45.0	150.0	18.181818181818183	7049687.0
Tzo-AMta_008-Ex1-6C-lcwgs-1-1.1	17.657066026036716	44.0	150.0	9.090909090909092	6964580.0
Tzo-AMta_008-Ex1-6C-lcwgs-1-1.2	15.998844117141559	44.0	150.0	9.090909090909092	6964580.0
Tzo-AMta_009-Ex1-6D-lcwgs-1-1.1	17.097089099648088	43.0	150.0	9.090909090909092	7234313.0
Tzo-AMta_009-Ex1-6D-lcwgs-1-1.2	15.691888655475779	44.0	150.0	9.090909090909092	7234313.0
Tzo-AMta_010-Ex1-6E-lcwgs-1-1.1	17.56177830112034	43.0	150.0	18.181818181818183	7404418.0
Tzo-AMta_010-Ex1-6E-lcwgs-1-1.2	15.99849564981875	44.0	150.0	27.27272727272727	7404418.0
Tzo-AMta_011-Ex1-6F-lcwgs-1-1.1	8.107340429848648	43.0	150.0	18.181818181818183	73933.0
Tzo-AMta_011-Ex1-6F-lcwgs-1-1.2	7.1794733069130245	44.0	150.0	27.27272727272727	73933.0
Tzo-AMta_012-Ex1-6G-lcwgs-1-1.1	17.398812945441094	44.0	150.0	18.181818181818183	5002225.0
Tzo-AMta_012-Ex1-6G-lcwgs-1-1.2	15.610404387912112	44.0	150.0	18.181818181818183	5002225.0
Tzo-AMta_013-Ex1-6H-lcwgs-1-1.1	16.396232434958563	43.0	150.0	18.181818181818183	5152565.0
Tzo-AMta_013-Ex1-6H-lcwgs-1-1.2	14.742951941284502	44.0	150.0	18.181818181818183	5152565.0
Tzo-AMta_014-Ex1-7A-lcwgs-1-1.1	16.673992574049663	43.0	150.0	9.090909090909092	4320715.0
Tzo-AMta_014-Ex1-7A-lcwgs-1-1.2	15.044613863757974	43.0	150.0	18.181818181818183	4320715.0
Tzo-AMta_015-Ex1-7B-lcwgs-1-1.1	17.315097604260544	42.0	150.0	9.090909090909092	8219208.0
Tzo-AMta_015-Ex1-7B-lcwgs-1-1.2	15.882710261358497	43.0	150.0	9.090909090909092	8219208.0
Tzo-AMta_016-Ex1-7C-lcwgs-1-1.1	17.027262658705595	44.0	150.0	9.090909090909092	4932695.0
Tzo-AMta_016-Ex1-7C-lcwgs-1-1.2	15.404339304356668	44.0	150.0	9.090909090909092	4932695.0
Tzo-AMta_017-Ex1-7D-lcwgs-1-1.1	19.184747942765114	44.0	150.0	18.181818181818183	7159438.0
Tzo-AMta_017-Ex1-7D-lcwgs-1-1.2	17.324048562652692	45.0	150.0	18.181818181818183	7159438.0
Tzo-AMta_018-Ex1-7E-lcwgs-1-1.1	16.608859208580157	43.0	150.0	18.181818181818183	4833278.0
Tzo-AMta_018-Ex1-7E-lcwgs-1-1.2	15.077127908696312	43.0	150.0	27.27272727272727	4833278.0
Tzo-AMta_019-Ex1-7F-lcwgs-1-1.1	15.667308032602776	43.0	150.0	9.090909090909092	4708579.0
Tzo-AMta_019-Ex1-7F-lcwgs-1-1.2	14.15202741785771	43.0	150.0	18.181818181818183	4708579.0
Tzo-AMta_020-Ex1-7G-lcwgs-1-1.1	15.500892810581092	43.0	150.0	9.090909090909092	5759684.0
Tzo-AMta_020-Ex1-7G-lcwgs-1-1.2	13.965707653192453	44.0	150.0	9.090909090909092	5759684.0
Tzo-AMta_021-Ex1-7H-lcwgs-1-1.1	16.136689673789277	43.0	150.0	18.181818181818183	3795670.0
Tzo-AMta_021-Ex1-7H-lcwgs-1-1.2	14.60812068630591	44.0	150.0	18.181818181818183	3795670.0
Tzo-AMta_022-Ex1-8A-lcwgs-1-1.1	18.30434236219726	43.0	150.0	9.090909090909092	7438910.0
Tzo-AMta_022-Ex1-8A-lcwgs-1-1.2	16.501949350102137	43.0	150.0	18.181818181818183	7438910.0
Tzo-AMta_023-Ex1-8B-lcwgs-1-1.1	16.33818352233783	43.0	150.0	18.181818181818183	5457593.0
Tzo-AMta_023-Ex1-8B-lcwgs-1-1.2	14.729318698471602	43.0	150.0	18.181818181818183	5457593.0
Tzo-AMta_024-Ex1-8C-lcwgs-1-1.1	17.715889028918838	43.0	150.0	18.181818181818183	4923710.0
Tzo-AMta_024-Ex1-8C-lcwgs-1-1.2	16.198389479142676	43.0	150.0	18.181818181818183	4923710.0
Tzo-AMta_025-Ex1-1E-lcwgs-2-1.1	14.329479615370659	44.0	150.0	18.181818181818183	2897224.0
Tzo-AMta_025-Ex1-1E-lcwgs-2-1.2	12.913012428948377	44.0	150.0	27.27272727272727	2897224.0
Tzo-AMta_025-Ex1-8D-lcwgs-1-1.1	17.483342371239402	45.0	150.0	27.27272727272727	3646360.0
Tzo-AMta_025-Ex1-8D-lcwgs-1-1.2	15.869919796427894	45.0	150.0	36.36363636363637	3646360.0
Tzo-AMta_026-Ex1-8E-lcwgs-1-1.1	15.774200388050303	43.0	150.0	18.181818181818183	4832600.0
Tzo-AMta_026-Ex1-8E-lcwgs-1-1.2	14.344245216710902	44.0	150.0	36.36363636363637	4832600.0
Tzo-AMta_027-Ex1-1C-lcwgs-2-1.1	12.19321853148449	45.0	150.0	36.36363636363637	548869.0
Tzo-AMta_027-Ex1-1C-lcwgs-2-1.2	11.124914930967876	45.0	150.0	36.36363636363637	548869.0
Tzo-AMta_027-Ex1-8F-lcwgs-1-1.1	13.300924057950752	45.0	150.0	27.27272727272727	936193.0
Tzo-AMta_027-Ex1-8F-lcwgs-1-1.2	11.925823618293379	45.0	150.0	27.27272727272727	936193.0
Tzo-AMta_028-Ex1-8G-lcwgs-1-1.1	18.572129817241816	44.0	150.0	18.181818181818183	3838795.0
Tzo-AMta_028-Ex1-8G-lcwgs-1-1.2	16.802598690188276	44.0	150.0	18.181818181818183	3838795.0
Tzo-AMta_029-Ex1-8H-lcwgs-1-1.1	15.48529017473939	45.0	150.0	36.36363636363637	3344012.0
Tzo-AMta_029-Ex1-8H-lcwgs-1-1.2	13.93425142000433	45.0	150.0	36.36363636363637	3344012.0
Tzo-AMta_030-Ex1-9A-lcwgs-1-1.1	13.864895594697643	44.0	150.0	18.181818181818183	492936.0
Tzo-AMta_030-Ex1-9A-lcwgs-1-1.2	12.339894141591628	45.0	150.0	27.27272727272727	492936.0
Tzo-AMta_031-Ex1-9B-lcwgs-1-1.1	16.973329514867615	43.0	150.0	9.090909090909092	6848987.0
Tzo-AMta_031-Ex1-9B-lcwgs-1-1.2	15.313372219733012	43.0	150.0	9.090909090909092	6848987.0
Tzo-AMvi_001-Ex1-1A-lcwgs-1-1.1	10.340508353956253	41.0	150.0	9.090909090909092	214887.0
Tzo-AMvi_001-Ex1-1A-lcwgs-1-1.2	8.84664128539498	42.0	150.0	9.090909090909092	214887.0
Tzo-AMvi_002-Ex1-1E-lcwgs-1-1.1	10.406826486211358	42.0	150.0	9.090909090909092	231768.0
Tzo-AMvi_002-Ex1-1E-lcwgs-1-1.2	9.052517749324878	42.0	150.0	9.090909090909092	231768.0
Tzo-AMvi_003-Ex1-2A-lcwgs-1-1.1	11.885927545614535	40.0	150.0	9.090909090909092	734924.0
Tzo-AMvi_003-Ex1-2A-lcwgs-1-1.2	10.523879526493403	40.0	150.0	9.090909090909092	734924.0
Tzo-AMvi_004-Ex1-2E-lcwgs-1-1.1	11.932610019717345	41.0	150.0	9.090909090909092	96869.0
Tzo-AMvi_004-Ex1-2E-lcwgs-1-1.2	10.589559095272989	41.0	150.0	9.090909090909092	96869.0
Tzo-AMvi_005-Ex1-3A-lcwgs-1-1.1	13.603801425652478	41.0	150.0	9.090909090909092	2057839.0
Tzo-AMvi_005-Ex1-3A-lcwgs-1-1.2	12.045486870320971	41.0	150.0	9.090909090909092	2057839.0
Tzo-AMvi_006-Ex1-1A-lcwgs-2-1.1	33.00781469977379	50.0	150.0	27.27272727272727	2653292.0
Tzo-AMvi_006-Ex1-1A-lcwgs-2-1.2	28.467481602622286	50.0	150.0	27.27272727272727	2653292.0
Tzo-AMvi_007-Ex1-4A-lcwgs-1-1.1	10.713089081506297	40.0	150.0	9.090909090909092	68645.0
Tzo-AMvi_007-Ex1-4A-lcwgs-1-1.2	9.323330176997601	40.0	150.0	9.090909090909092	68645.0
Tzo-AMvi_008-Ex1-1B-lcwgs-2-1.1	14.27720381269448	42.0	150.0	18.181818181818183	1376915.0
Tzo-AMvi_008-Ex1-1B-lcwgs-2-1.2	12.307874547694425	42.0	150.0	18.181818181818183	1376915.0
Tzo-AMvi_009-Ex1-5A-lcwgs-1-1.1	9.476352324442644	41.0	150.0	9.090909090909092	52077.0
Tzo-AMvi_009-Ex1-5A-lcwgs-1-1.2	8.301169422201738	41.0	150.0	9.090909090909092	52077.0
Tzo-AMvi_010-Ex1-5E-lcwgs-1-1.1	11.191084281402368	42.0	150.0	9.090909090909092	43070.0
Tzo-AMvi_010-Ex1-5E-lcwgs-1-1.2	9.825864871139999	42.0	150.0	9.090909090909092	43070.0
Tzo-AMvi_011-Ex1-6A-lcwgs-1-1.1	5.01658791595456	42.0	150.0	9.090909090909092	19894.0
Tzo-AMvi_011-Ex1-6A-lcwgs-1-1.2	4.363124560168899	42.0	150.0	9.090909090909092	19894.0
Tzo-AMvi_012-Ex1-6E-lcwgs-1-1.1	14.009178635953475	41.0	150.0	9.090909090909092	180895.0
Tzo-AMvi_012-Ex1-6E-lcwgs-1-1.2	12.355657940387161	42.0	150.0	9.090909090909092	180895.0
Tzo-AMvi_013-Ex1-1B-lcwgs-1-1.1	11.01463289997595	42.0	150.0	9.090909090909092	114999.0
Tzo-AMvi_013-Ex1-1B-lcwgs-1-1.2	9.655230517552269	42.0	150.0	9.090909090909092	114999.0
Tzo-AMvi_014-Ex1-1C-lcwgs-2-1.1	1.7548106014764642	43.0	150.0	18.181818181818183	8263.0
Tzo-AMvi_014-Ex1-1C-lcwgs-2-1.2	1.6942998910807177	43.0	150.0	18.181818181818183	8263.0
Tzo-AMvi_015-Ex1-2B-lcwgs-1-1.1	11.299271814110583	41.0	150.0	18.181818181818183	358204.0
Tzo-AMvi_015-Ex1-2B-lcwgs-1-1.2	9.819143505726743	41.0	150.0	9.090909090909092	358204.0
Tzo-AMvi_016-Ex1-2F-lcwgs-1-1.1	11.405413594586406	42.0	150.0	18.181818181818183	39604.0
Tzo-AMvi_016-Ex1-2F-lcwgs-1-1.2	9.895465104534892	42.0	150.0	18.181818181818183	39604.0
Tzo-AMvi_017-Ex1-3B-lcwgs-1-1.1	12.084564946659256	41.0	150.0	9.090909090909092	66647.0
Tzo-AMvi_017-Ex1-3B-lcwgs-1-1.2	10.57511966029979	41.0	150.0	9.090909090909092	66647.0
Tzo-AMvi_018-Ex1-3F-lcwgs-1-1.1	13.781438446830421	43.0	150.0	18.181818181818183	40794.0
Tzo-AMvi_018-Ex1-3F-lcwgs-1-1.2	12.129234691376183	43.0	150.0	18.181818181818183	40794.0
Tzo-AMvi_019-Ex1-1D-lcwgs-2-1.1	1.8821126349576929	42.0	150.0	27.27272727272727	6854.0
Tzo-AMvi_019-Ex1-1D-lcwgs-2-1.2	1.5173621243069704	43.0	150.0	27.27272727272727	6854.0
Tzo-AMvi_020-Ex1-4F-lcwgs-1-1.1	12.032193158953717	42.0	150.0	18.181818181818183	42245.0
Tzo-AMvi_020-Ex1-4F-lcwgs-1-1.2	10.547993845425495	42.0	150.0	9.090909090909092	42245.0
Tzo-AMvi_021-Ex1-1E-lcwgs-2-1.1	17.163541131919118	44.0	150.0	18.181818181818183	3023527.0
Tzo-AMvi_021-Ex1-1E-lcwgs-2-1.2	14.485484186657317	44.0	150.0	18.181818181818183	3023527.0
Tzo-AMvi_022-Ex1-5F-lcwgs-1-1.1	14.069663243781378	42.0	150.0	9.090909090909092	122001.0
Tzo-AMvi_022-Ex1-5F-lcwgs-1-1.2	12.109435445975521	42.0	150.0	9.090909090909092	122001.0
Tzo-AMvi_023-Ex1-6B-lcwgs-1-1.1	9.002925950934042	41.0	150.0	18.181818181818183	17772.0
Tzo-AMvi_023-Ex1-6B-lcwgs-1-1.2	8.147647985595313	42.0	150.0	18.181818181818183	17772.0
Tzo-AMvi_024-Ex1-6F-lcwgs-1-1.1	12.851529693519026	41.0	150.0	9.090909090909092	154455.0
Tzo-AMvi_024-Ex1-6F-lcwgs-1-1.2	11.210167724756118	41.0	150.0	9.090909090909092	154455.0
Tzo-AMvi_025-Ex1-1C-lcwgs-1-1.1	9.156510234701415	41.0	150.0	9.090909090909092	307738.0
Tzo-AMvi_025-Ex1-1C-lcwgs-1-1.2	8.026353602219444	41.0	150.0	9.090909090909092	307738.0
Tzo-AMvi_026-Ex1-1G-lcwgs-1-1.1	17.275700362113042	42.0	150.0	9.090909090909092	195511.0
Tzo-AMvi_026-Ex1-1G-lcwgs-1-1.2	15.278457499114367	42.0	150.0	9.090909090909092	195511.0
Tzo-AMvi_027-Ex1-2C-lcwgs-1-1.1	9.904001249262024	41.0	150.0	9.090909090909092	239868.0
Tzo-AMvi_027-Ex1-2C-lcwgs-1-1.2	8.639942660378892	42.0	150.0	9.090909090909092	239868.0
Tzo-AMvi_028-Ex1-2G-lcwgs-1-1.1	13.662740114198442	41.0	150.0	9.090909090909092	173095.0
Tzo-AMvi_028-Ex1-2G-lcwgs-1-1.2	12.06052301664387	42.0	150.0	9.090909090909092	173095.0
Tzo-AMvi_029-Ex1-3C-lcwgs-1-1.1	8.232649620679965	41.0	150.0	9.090909090909092	14236.0
Tzo-AMvi_029-Ex1-3C-lcwgs-1-1.2	7.2070806406294	42.0	150.0	18.181818181818183	14236.0
Tzo-AMvi_030-Ex1-3G-lcwgs-1-1.1	11.229211527763454	40.0	150.0	9.090909090909092	241006.0
Tzo-AMvi_030-Ex1-3G-lcwgs-1-1.2	9.608912640649649	41.0	150.0	9.090909090909092	241006.0
Tzo-AMvi_031-Ex1-4C-lcwgs-1-1.1	9.008312391262322	41.0	150.0	9.090909090909092	31038.0
Tzo-AMvi_031-Ex1-4C-lcwgs-1-1.2	8.090083123912635	41.0	150.0	9.090909090909092	31038.0
Tzo-AMvi_032-Ex1-4G-lcwgs-1-1.1	13.39380301050079	43.0	150.0	18.181818181818183	152220.0
Tzo-AMvi_032-Ex1-4G-lcwgs-1-1.2	11.916113801396449	43.0	150.0	18.181818181818183	152220.0
Tzo-AMvi_033-Ex1-5C-lcwgs-1-1.1	14.480385628911478	42.0	150.0	9.090909090909092	133865.0
Tzo-AMvi_033-Ex1-5C-lcwgs-1-1.2	12.635772679095155	42.0	150.0	9.090909090909092	133865.0
Tzo-AMvi_034-Ex1-5G-lcwgs-1-1.1	9.8503673113281	41.0	150.0	9.090909090909092	457356.0
Tzo-AMvi_034-Ex1-5G-lcwgs-1-1.2	8.63023082857174	41.0	150.0	9.090909090909092	457356.0
Tzo-AMvi_035-Ex1-6C-lcwgs-1-1.1	10.44976139112245	42.0	150.0	9.090909090909092	61188.0
Tzo-AMvi_035-Ex1-6C-lcwgs-1-1.2	9.261619925475586	42.0	150.0	9.090909090909092	61188.0
Tzo-AMvi_036-Ex1-6G-lcwgs-1-1.1	12.507265839530177	43.0	150.0	18.181818181818183	99782.0
Tzo-AMvi_036-Ex1-6G-lcwgs-1-1.2	10.963901304844555	44.0	150.0	18.181818181818183	99782.0
Tzo-AMvi_037-Ex1-1D-lcwgs-1-1.1	7.711656441717793	42.0	150.0	27.27272727272727	16300.0
Tzo-AMvi_037-Ex1-1D-lcwgs-1-1.2	6.717791411042938	42.0	150.0	27.27272727272727	16300.0
Tzo-AMvi_038-Ex1-1H-lcwgs-1-1.1	11.347252518957092	41.0	150.0	9.090909090909092	96270.0
Tzo-AMvi_038-Ex1-1H-lcwgs-1-1.2	9.95845019216786	42.0	150.0	9.090909090909092	96270.0
Tzo-AMvi_039-Ex1-2D-lcwgs-1-1.1	9.281377193567764	42.0	150.0	9.090909090909092	29974.0
Tzo-AMvi_039-Ex1-2D-lcwgs-1-1.2	8.197104156936007	42.0	150.0	9.090909090909092	29974.0
Tzo-AMvi_040-Ex1-2H-lcwgs-1-1.1	9.721329811284832	41.0	150.0	9.090909090909092	42021.0
Tzo-AMvi_040-Ex1-2H-lcwgs-1-1.2	8.59094262392614	42.0	150.0	9.090909090909092	42021.0
Tzo-AMvi_041-Ex1-3D-lcwgs-1-1.1	1.9047619047619122	42.0	150.0	18.181818181818183	3360.0
Tzo-AMvi_041-Ex1-3D-lcwgs-1-1.2	1.6369047619047734	43.0	150.0	18.181818181818183	3360.0
Tzo-AMvi_042-Ex1-3H-lcwgs-1-1.1	13.465593623648218	43.0	150.0	18.181818181818183	103382.0
Tzo-AMvi_042-Ex1-3H-lcwgs-1-1.2	11.905360701089165	43.0	150.0	18.181818181818183	103382.0
Tzo-AMvi_043-Ex1-4D-lcwgs-1-1.1	8.736901511569371	41.0	150.0	9.090909090909092	65561.0
Tzo-AMvi_043-Ex1-4D-lcwgs-1-1.2	7.771388477906072	41.0	150.0	9.090909090909092	65561.0
Tzo-AMvi_044-Ex1-4H-lcwgs-1-1.1	8.839559215499065	41.0	150.0	9.090909090909092	25137.0
Tzo-AMvi_044-Ex1-4H-lcwgs-1-1.2	7.829096550901056	41.0	150.0	9.090909090909092	25137.0
Tzo-AMvi_045-Ex1-5D-lcwgs-1-1.1	11.109492241567708	41.0	150.0	9.090909090909092	82362.0
Tzo-AMvi_045-Ex1-5D-lcwgs-1-1.2	9.860129671450423	41.0	150.0	9.090909090909092	82362.0
Tzo-AMvi_046-Ex1-5H-lcwgs-1-1.1	11.360002780481025	42.0	150.0	9.090909090909092	57544.0
Tzo-AMvi_046-Ex1-5H-lcwgs-1-1.2	10.016682886139307	43.0	150.0	9.090909090909092	57544.0
Tzo-AMvi_047-Ex1-6D-lcwgs-1-1.1	10.271429500978726	41.0	150.0	9.090909090909092	430527.0
Tzo-AMvi_047-Ex1-6D-lcwgs-1-1.2	8.974128824202907	42.0	150.0	9.090909090909092	430527.0
Tzo-AMvi_048-Ex1-6H-lcwgs-1-1.1	16.18271787157144	43.0	150.0	18.181818181818183	105693.0
Tzo-AMvi_048-Ex1-6H-lcwgs-1-1.2	14.368028157020802	43.0	150.0	18.181818181818183	105693.0
Tzo-CMal_001-Ex1-3F-lcwgs-1-1.1	10.265707540048197	42.0	150.0	9.090909090909092	386817.0
Tzo-CMal_001-Ex1-3F-lcwgs-1-1.2	8.229443931964397	42.0	150.0	9.090909090909092	386817.0
Tzo-CMal_002-Ex1-3G-lcwgs-1-1.1	16.054323326150623	42.0	150.0	9.090909090909092	183485.0
Tzo-CMal_002-Ex1-3G-lcwgs-1-1.2	12.308570956336624	42.0	150.0	9.090909090909092	183485.0
Tzo-CMal_003-Ex1-3H-lcwgs-1-1.1	11.555069131144506	41.0	150.0	9.090909090909092	204015.0
Tzo-CMal_003-Ex1-3H-lcwgs-1-1.2	8.231789036049648	41.0	150.0	9.090909090909092	204015.0
Tzo-CMal_004-Ex1-4A-lcwgs-1-1.1	11.525496021158872	41.0	150.0	9.090909090909092	546201.0
Tzo-CMal_004-Ex1-4A-lcwgs-1-1.2	8.512134922168201	41.0	150.0	9.090909090909092	546201.0
Tzo-CMal_005-Ex1-4B-lcwgs-1-1.1	9.598694422922634	42.0	150.0	9.090909090909092	269321.0
Tzo-CMal_005-Ex1-4B-lcwgs-1-1.2	7.597842001598977	42.0	150.0	9.090909090909092	269321.0
Tzo-CMal_006-Ex1-4C-lcwgs-1-1.1	10.573315670454576	42.0	150.0	9.090909090909092	557118.0
Tzo-CMal_006-Ex1-4C-lcwgs-1-1.2	8.27440479297465	42.0	150.0	9.090909090909092	557118.0
Tzo-CMal_007-Ex1-4D-lcwgs-1-1.1	10.411397802847716	42.0	150.0	9.090909090909092	507510.0
Tzo-CMal_007-Ex1-4D-lcwgs-1-1.2	8.36888630723277	42.0	150.0	9.090909090909092	507510.0
Tzo-CMal_008-Ex1-4E-lcwgs-1-1.1	10.001176053846208	42.0	150.0	9.090909090909092	322094.0
Tzo-CMal_008-Ex1-4E-lcwgs-1-1.2	7.816399642716547	42.0	150.0	9.090909090909092	322094.0
Tzo-CMal_009-Ex1-4F-lcwgs-1-1.1	10.376970841485758	42.0	150.0	9.090909090909092	269219.0
Tzo-CMal_009-Ex1-4F-lcwgs-1-1.2	8.239082896824172	42.0	150.0	9.090909090909092	269219.0
Tzo-CMal_010-Ex1-4G-lcwgs-1-1.1	10.405819502351903	41.0	150.0	9.090909090909092	316586.0
Tzo-CMal_010-Ex1-4G-lcwgs-1-1.2	7.871485165872514	42.0	150.0	9.090909090909092	316586.0
Tzo-CMal_011-Ex1-4H-lcwgs-1-1.1	10.77796432079883	41.0	150.0	9.090909090909092	244161.0
Tzo-CMal_011-Ex1-4H-lcwgs-1-1.2	8.066194474082337	42.0	150.0	9.090909090909092	244161.0
Tzo-CMal_012-Ex1-5A-lcwgs-1-1.1	13.034023818223943	41.0	150.0	9.090909090909092	1260060.0
Tzo-CMal_012-Ex1-5A-lcwgs-1-1.2	9.918083268720096	42.0	150.0	9.090909090909092	1260060.0
Tzo-CMal_013-Ex1-5B-lcwgs-1-1.1	11.078425246174746	42.0	150.0	9.090909090909092	640093.0
Tzo-CMal_013-Ex1-5B-lcwgs-1-1.2	8.95943157659704	42.0	150.0	9.090909090909092	640093.0
Tzo-CMal_014-Ex1-5C-lcwgs-1-1.1	11.062933549715723	41.0	150.0	9.090909090909092	659440.0
Tzo-CMal_014-Ex1-5C-lcwgs-1-1.2	8.75427307998136	42.0	150.0	9.090909090909092	659440.0
Tzo-CMal_015-Ex1-5D-lcwgs-1-1.1	10.215685280273846	42.0	150.0	9.090909090909092	339207.0
Tzo-CMal_015-Ex1-5D-lcwgs-1-1.2	8.060654483534478	42.0	150.0	9.090909090909092	339207.0
Tzo-CMal_016-Ex1-5E-lcwgs-1-1.1	11.180408856008711	42.0	150.0	18.181818181818183	217186.0
Tzo-CMal_016-Ex1-5E-lcwgs-1-1.2	9.016700286644621	43.0	150.0	18.181818181818183	217186.0
Tzo-CMal_017-Ex1-5F-lcwgs-1-1.1	10.476723210545074	42.0	150.0	9.090909090909092	546435.0
Tzo-CMal_017-Ex1-5F-lcwgs-1-1.2	8.564870324781793	42.0	150.0	9.090909090909092	546435.0
Tzo-CMal_018-Ex1-5G-lcwgs-1-1.1	9.72426205024719	42.0	150.0	9.090909090909092	401717.0
Tzo-CMal_018-Ex1-5G-lcwgs-1-1.2	8.000955834241424	43.0	150.0	9.090909090909092	401717.0
Tzo-CMal_019-Ex1-5H-lcwgs-1-1.1	15.987657581648165	41.0	150.0	9.090909090909092	181676.0
Tzo-CMal_019-Ex1-5H-lcwgs-1-1.2	12.370235320349238	42.0	150.0	9.090909090909092	181676.0
Tzo-CMal_020-Ex1-6A-lcwgs-1-1.1	12.01143050041398	42.0	150.0	9.090909090909092	974632.0
Tzo-CMal_020-Ex1-6A-lcwgs-1-1.2	9.548226583065087	42.0	150.0	9.090909090909092	974632.0
Tzo-CMal_021-Ex1-6B-lcwgs-1-1.1	10.697740523672536	42.0	150.0	9.090909090909092	601715.0
Tzo-CMal_021-Ex1-6B-lcwgs-1-1.2	8.738308416810654	42.0	150.0	9.090909090909092	601715.0
Tzo-CMal_022-Ex1-6C-lcwgs-1-1.1	11.539613714437166	42.0	150.0	9.090909090909092	770047.0
Tzo-CMal_022-Ex1-6C-lcwgs-1-1.2	9.024728025048077	42.0	150.0	9.090909090909092	770047.0
Tzo-CMal_023-Ex1-6D-lcwgs-1-1.1	11.192031953751169	42.0	150.0	18.181818181818183	543370.0
Tzo-CMal_023-Ex1-6D-lcwgs-1-1.2	9.299264463602057	43.0	150.0	18.181818181818183	543370.0
Tzo-CMal_024-Ex1-6E-lcwgs-1-1.1	2.386363636363626	43.0	150.0	18.181818181818183	12320.0
Tzo-CMal_024-Ex1-6E-lcwgs-1-1.2	2.2240259740259773	44.0	150.0	27.27272727272727	12320.0
Tzo-CMal_025-Ex1-6F-lcwgs-1-1.1	10.435620545806117	42.0	150.0	18.181818181818183	268353.0
Tzo-CMal_025-Ex1-6F-lcwgs-1-1.2	8.498218861547429	43.0	150.0	18.181818181818183	268353.0
Tzo-CMal_026-Ex1-6G-lcwgs-1-1.1	10.0020444648123	42.0	150.0	18.181818181818183	345609.0
Tzo-CMal_026-Ex1-6G-lcwgs-1-1.2	8.14452688085467	43.0	150.0	18.181818181818183	345609.0
Tzo-CMal_027-Ex1-6H-lcwgs-1-1.1	14.604838170988884	42.0	150.0	18.181818181818183	150247.0
Tzo-CMal_027-Ex1-6H-lcwgs-1-1.2	12.00692578309824	43.0	150.0	18.181818181818183	150247.0
Tzo-CMal_028-Ex1-7A-lcwgs-1-1.1	10.366915915179874	42.0	150.0	9.090909090909092	522679.0
Tzo-CMal_028-Ex1-7A-lcwgs-1-1.2	8.080599812563747	42.0	150.0	9.090909090909092	522679.0
Tzo-CMal_029-Ex1-7B-lcwgs-1-1.1	9.929863165986092	43.0	150.0	9.090909090909092	473224.0
Tzo-CMal_029-Ex1-7B-lcwgs-1-1.2	8.29399049933383	43.0	150.0	9.090909090909092	473224.0
Tzo-CMal_030-Ex1-7C-lcwgs-1-1.1	10.558595882518915	42.0	150.0	9.090909090909092	485292.0
Tzo-CMal_030-Ex1-7C-lcwgs-1-1.2	8.46518422765618	42.0	150.0	9.090909090909092	485292.0
Tzo-CMal_031-Ex1-7D-lcwgs-1-1.1	10.744217304741525	42.0	150.0	18.181818181818183	326514.0
Tzo-CMal_031-Ex1-7D-lcwgs-1-1.2	8.888270645237995	43.0	150.0	18.181818181818183	326514.0
Tzo-CMal_032-Ex1-7E-lcwgs-1-1.1	10.899670586002259	43.0	150.0	18.181818181818183	284648.0
Tzo-CMal_032-Ex1-7E-lcwgs-1-1.2	8.905027234565992	43.0	150.0	18.181818181818183	284648.0
Tzo-CMal_033-Ex1-7F-lcwgs-1-1.1	9.312932782449849	43.0	150.0	9.090909090909092	235037.0
Tzo-CMal_033-Ex1-7F-lcwgs-1-1.2	7.757803477185462	43.0	150.0	9.090909090909092	235037.0
Tzo-CMal_034-Ex1-7G-lcwgs-1-1.1	11.719264597987092	43.0	150.0	18.181818181818183	248574.0
Tzo-CMal_034-Ex1-7G-lcwgs-1-1.2	9.933423961152755	43.0	150.0	18.181818181818183	248574.0
Tzo-CMal_035-Ex1-7H-lcwgs-1-1.1	10.84861420543102	42.0	150.0	18.181818181818183	286998.0
Tzo-CMal_035-Ex1-7H-lcwgs-1-1.2	8.646471371238903	42.0	150.0	18.181818181818183	286998.0
Tzo-CMal_036-Ex1-8A-lcwgs-1-1.1	10.011408344561957	42.0	150.0	9.090909090909092	345031.0
Tzo-CMal_036-Ex1-8A-lcwgs-1-1.2	7.576591106839814	42.0	150.0	9.090909090909092	345031.0
Tzo-CMal_037-Ex1-8B-lcwgs-1-1.1	10.384554237232038	43.0	150.0	9.090909090909092	643968.0
Tzo-CMal_037-Ex1-8B-lcwgs-1-1.2	8.597465255969212	43.0	150.0	9.090909090909092	643968.0
Tzo-CMal_038-Ex1-8C-lcwgs-1-1.1	9.472757773481703	42.0	150.0	9.090909090909092	206295.0
Tzo-CMal_038-Ex1-8C-lcwgs-1-1.2	7.681345170299537	43.0	150.0	9.090909090909092	206295.0
Tzo-CMal_039-Ex1-8D-lcwgs-1-1.1	3.801366567221635	43.0	150.0	18.181818181818183	10391.0
Tzo-CMal_039-Ex1-8D-lcwgs-1-1.2	3.22394379751708	43.0	150.0	18.181818181818183	10391.0
Tzo-CMal_040-Ex1-8E-lcwgs-1-1.1	9.645258762822934	42.0	150.0	9.090909090909092	309804.0
Tzo-CMal_040-Ex1-8E-lcwgs-1-1.2	7.750985069355451	43.0	150.0	9.090909090909092	309804.0
Tzo-CMal_041-Ex1-8F-lcwgs-1-1.1	3.1365769325759345	43.0	150.0	27.27272727272727	8098.0
Tzo-CMal_041-Ex1-8F-lcwgs-1-1.2	2.9636947394418343	44.0	150.0	36.36363636363637	8098.0
Tzo-CMal_042-Ex1-8G-lcwgs-1-1.1	9.733924622593932	43.0	150.0	9.090909090909092	289635.0
Tzo-CMal_042-Ex1-8G-lcwgs-1-1.2	7.857180935037462	43.0	150.0	9.090909090909092	289635.0
Tzo-CMal_043-Ex1-8H-lcwgs-1-1.1	11.774728922327952	41.0	150.0	18.181818181818183	45190.0
Tzo-CMal_043-Ex1-8H-lcwgs-1-1.2	9.097145386147375	42.0	150.0	18.181818181818183	45190.0
Tzo-CMal_044-Ex1-9A-lcwgs-1-1.1	11.153434173180571	41.0	150.0	9.090909090909092	655271.0
Tzo-CMal_044-Ex1-9A-lcwgs-1-1.2	8.658410585872915	42.0	150.0	9.090909090909092	655271.0
Tzo-CMal_045-Ex1-9B-lcwgs-1-1.1	12.063559322033896	41.0	150.0	9.090909090909092	70800.0
Tzo-CMal_045-Ex1-9B-lcwgs-1-1.2	9.29237288135593	41.0	150.0	9.090909090909092	70800.0
Tzo-CMal_046-Ex1-9C-lcwgs-1-1.1	11.623336519871103	41.0	150.0	9.090909090909092	713455.0
Tzo-CMal_046-Ex1-9C-lcwgs-1-1.2	9.101148644753039	42.0	150.0	9.090909090909092	713455.0
Tzo-CMal_047-Ex1-9D-lcwgs-1-1.1	10.54795627251913	42.0	150.0	18.181818181818183	221229.0
Tzo-CMal_047-Ex1-9D-lcwgs-1-1.2	8.64811423166853	43.0	150.0	18.181818181818183	221229.0
Tzo-CMal_048-Ex1-9E-lcwgs-1-1.1	2.0381753477838913	43.0	150.0	27.27272727272727	3091.0
Tzo-CMal_048-Ex1-9E-lcwgs-1-1.2	1.811711420252351	43.0	150.0	27.27272727272727	3091.0
Tzo-CMal_049-Ex1-9F-lcwgs-1-1.1	13.071838731502524	43.0	150.0	18.181818181818183	57643.0
Tzo-CMal_049-Ex1-9F-lcwgs-1-1.2	10.724632652707172	43.0	150.0	18.181818181818183	57643.0
Tzo-CMal_050-Ex1-9G-lcwgs-1-1.1	8.285800060042021	42.0	150.0	18.181818181818183	9993.0
Tzo-CMal_050-Ex1-9G-lcwgs-1-1.2	6.854798358851198	43.0	150.0	18.181818181818183	9993.0
Tzo-CMal_051-Ex1-9H-lcwgs-1-1.1	13.407140586926573	42.0	150.0	18.181818181818183	37756.0
Tzo-CMal_051-Ex1-9H-lcwgs-1-1.2	10.475156266553668	42.0	150.0	18.181818181818183	37756.0
Tzo-CMal_052-Ex1-10A-lcwgs-1-1.1	9.528540804209939	41.0	150.0	9.090909090909092	372784.0
Tzo-CMal_052-Ex1-10A-lcwgs-1-1.2	6.630707528922102	42.0	150.0	9.090909090909092	372784.0
Tzo-CMal_053-Ex1-10B-lcwgs-1-1.1	14.467513173008584	42.0	150.0	9.090909090909092	184574.0
Tzo-CMal_053-Ex1-10B-lcwgs-1-1.2	10.811920532808799	42.0	150.0	9.090909090909092	184574.0
Tzo-CMal_054-Ex1-10C-lcwgs-1-1.1	14.593798838200073	42.0	150.0	18.181818181818183	141853.0
Tzo-CMal_054-Ex1-10C-lcwgs-1-1.2	11.51230947348445	42.0	150.0	18.181818181818183	141853.0
Tzo-CMal_055-Ex1-10D-lcwgs-1-1.1	10.560821885402405	42.0	150.0	9.090909090909092	59181.0
Tzo-CMal_055-Ex1-10D-lcwgs-1-1.2	7.929909937310967	42.0	150.0	9.090909090909092	59181.0
Tzo-CMal_056-Ex1-10E-lcwgs-1-1.1	10.270705876822532	42.0	150.0	18.181818181818183	250478.0
Tzo-CMal_056-Ex1-10E-lcwgs-1-1.2	7.6710224569241205	42.0	150.0	18.181818181818183	250478.0
Tzo-CMal_057-Ex1-10F-lcwgs-1-1.1	15.053968228979997	42.0	150.0	18.181818181818183	149743.0
Tzo-CMal_057-Ex1-10F-lcwgs-1-1.2	11.996108747734482	43.0	150.0	18.181818181818183	149743.0
Tzo-CMal_058-Ex1-10G-lcwgs-1-1.1	10.258883729328645	42.0	150.0	9.090909090909092	464185.0
Tzo-CMal_058-Ex1-10G-lcwgs-1-1.2	7.634453090324783	42.0	150.0	9.090909090909092	464185.0
Tzo-CMal_059-Ex1-10H-lcwgs-1-1.1	11.047396138092452	42.0	150.0	27.27272727272727	8545.0
Tzo-CMal_059-Ex1-10H-lcwgs-1-1.2	8.858981860737273	42.0	150.0	27.27272727272727	8545.0
Tzo-CMal_060-Ex1-11A-lcwgs-1-1.1	10.058998777681026	42.0	150.0	9.090909090909092	235429.0
Tzo-CMal_060-Ex1-11A-lcwgs-1-1.2	7.5282116234671435	42.0	150.0	9.090909090909092	235429.0
Tzo-CMal_061-Ex1-11B-lcwgs-1-1.1	13.290098906439283	41.0	150.0	9.090909090909092	145632.0
Tzo-CMal_061-Ex1-11B-lcwgs-1-1.2	10.110211917838697	41.0	150.0	9.090909090909092	145632.0
Tzo-CMal_062-Ex1-11C-lcwgs-1-1.1	14.69033121465715	42.0	150.0	9.090909090909092	192024.0
Tzo-CMal_062-Ex1-11C-lcwgs-1-1.2	11.937447789069452	42.0	150.0	9.090909090909092	192024.0
Tzo-CMal_063-Ex1-11D-lcwgs-1-1.1	12.557474378892877	42.0	150.0	9.090909090909092	149623.0
Tzo-CMal_063-Ex1-11D-lcwgs-1-1.2	10.019041461502212	42.0	150.0	9.090909090909092	149623.0
Tzo-CMal_064-Ex1-11E-lcwgs-1-1.1	10.516451478550607	42.0	150.0	9.090909090909092	14406.0
Tzo-CMal_064-Ex1-11E-lcwgs-1-1.2	8.33680410939887	42.0	150.0	9.090909090909092	14406.0
Tzo-CMta_001-Ex1-9A-lcwgs-1-1.1	13.289531885948861	43.0	150.0	18.181818181818183	217366.0
Tzo-CMta_001-Ex1-9A-lcwgs-1-1.2	11.285582432422359	44.0	150.0	18.181818181818183	217366.0
Tzo-CMta_002-Ex1-9B-lcwgs-1-1.1	11.106985964693067	43.0	150.0	18.181818181818183	499531.0
Tzo-CMta_002-Ex1-9B-lcwgs-1-1.2	9.438094689591537	43.0	150.0	18.181818181818183	499531.0
Tzo-CMta_003-Ex1-9C-lcwgs-1-1.1	0.9577015163607285	42.0	150.0	18.181818181818183	1253.0
Tzo-CMta_003-Ex1-9C-lcwgs-1-1.2	0.7980845969672714	43.0	150.0	18.181818181818183	1253.0
Tzo-CMta_004-Ex1-9D-lcwgs-1-1.1	1.6609672691744066	43.0	150.0	27.27272727272727	2047.0
Tzo-CMta_004-Ex1-9D-lcwgs-1-1.2	1.7098192476795333	43.0	150.0	27.27272727272727	2047.0
Tzo-CMta_005-Ex1-9E-lcwgs-1-1.1	10.948447140018828	43.0	150.0	27.27272727272727	9563.0
Tzo-CMta_005-Ex1-9E-lcwgs-1-1.2	9.369444734915817	43.0	150.0	27.27272727272727	9563.0
Tzo-CMta_006-Ex1-9F-lcwgs-1-1.1	11.440888741502249	43.0	150.0	27.27272727272727	6031.0
Tzo-CMta_006-Ex1-9F-lcwgs-1-1.2	9.517492953075774	43.0	150.0	27.27272727272727	6031.0
Tzo-CMta_007-Ex1-9G-lcwgs-1-1.1	1.093514328808439	43.0	150.0	18.181818181818183	2652.0
Tzo-CMta_007-Ex1-9G-lcwgs-1-1.2	0.9049773755656076	43.0	150.0	18.181818181818183	2652.0
Tzo-CMta_008-Ex1-9H-lcwgs-1-1.1	1.857355126300149	43.0	150.0	27.27272727272727	1346.0
Tzo-CMta_008-Ex1-9H-lcwgs-1-1.2	1.857355126300149	43.0	150.0	27.27272727272727	1346.0
Tzo-CMta_009-Ex1-10A-lcwgs-1-1.1	10.091043635096213	43.0	150.0	9.090909090909092	793989.0
Tzo-CMta_009-Ex1-10A-lcwgs-1-1.2	7.884001638180095	43.0	150.0	9.090909090909092	793989.0
Tzo-CMta_010-Ex1-10B-lcwgs-1-1.1	9.964461454346633	43.0	150.0	18.181818181818183	14632.0
Tzo-CMta_010-Ex1-10B-lcwgs-1-1.2	8.180699835975943	43.0	150.0	27.27272727272727	14632.0
Tzo-CMta_011-Ex1-10C-lcwgs-1-1.1	2.955665024630534	42.0	150.0	27.27272727272727	609.0
Tzo-CMta_011-Ex1-10C-lcwgs-1-1.2	2.1346469622331625	42.0	150.0	18.181818181818183	609.0
Tzo-CMta_012-Ex1-10D-lcwgs-1-1.1	12.034519669129295	42.0	150.0	18.181818181818183	773744.0
Tzo-CMta_012-Ex1-10D-lcwgs-1-1.2	9.57103062366484	43.0	150.0	18.181818181818183	773744.0
Tzo-CMta_013-Ex1-10E-lcwgs-1-1.1	2.4193548387096797	41.0	150.0	27.27272727272727	372.0
Tzo-CMta_013-Ex1-10E-lcwgs-1-1.2	1.6129032258064484	41.0	150.0	27.27272727272727	372.0
Tzo-CMta_014-Ex1-10F-lcwgs-1-1.1	13.075344473761362	43.0	150.0	18.181818181818183	13644.0
Tzo-CMta_014-Ex1-10F-lcwgs-1-1.2	10.605394312518328	43.0	150.0	27.27272727272727	13644.0
Tzo-CMta_015-Ex1-10G-lcwgs-1-1.1	0.9049773755656076	42.0	150.0	18.181818181818183	663.0
Tzo-CMta_015-Ex1-10G-lcwgs-1-1.2	0.7541478129713397	42.0	150.0	18.181818181818183	663.0
Tzo-CMta_016-Ex1-10H-lcwgs-1-1.1	12.933238706632281	41.0	150.0	27.27272727272727	127142.0
Tzo-CMta_016-Ex1-10H-lcwgs-1-1.2	9.957722641219547	42.0	150.0	27.27272727272727	127142.0
Tzo-CMta_017-Ex1-11A-lcwgs-1-1.1	9.569698040800034	42.0	150.0	9.090909090909092	596437.0
Tzo-CMta_017-Ex1-11A-lcwgs-1-1.2	7.811829532742692	43.0	150.0	9.090909090909092	596437.0
Tzo-CMta_018-Ex1-11B-lcwgs-1-1.1	1.8739352640545093	41.0	150.0	18.181818181818183	587.0
Tzo-CMta_018-Ex1-11B-lcwgs-1-1.2	2.2146507666098785	42.0	150.0	27.27272727272727	587.0
Tzo-CMta_019-Ex1-11C-lcwgs-1-1.1	9.662921348314597	43.0	150.0	27.27272727272727	1780.0
Tzo-CMta_019-Ex1-11C-lcwgs-1-1.2	8.146067415730343	43.0	150.0	27.27272727272727	1780.0
Tzo-CMta_020-Ex1-11D-lcwgs-1-1.1	10.895613856901221	42.0	150.0	18.181818181818183	299466.0
Tzo-CMta_020-Ex1-11D-lcwgs-1-1.2	8.938212226230036	43.0	150.0	18.181818181818183	299466.0
Tzo-CMta_021-Ex1-11E-lcwgs-1-1.1	14.73156017054849	43.0	150.0	18.181818181818183	34477.0
Tzo-CMta_021-Ex1-11E-lcwgs-1-1.2	12.860747744873393	44.0	150.0	18.181818181818183	34477.0
Tzo-CMta_022-Ex1-11F-lcwgs-1-1.1	14.191441687616134	43.0	150.0	18.181818181818183	73192.0
Tzo-CMta_022-Ex1-11F-lcwgs-1-1.2	12.023171931358618	44.0	150.0	18.181818181818183	73192.0
Tzo-CMta_023-Ex1-11G-lcwgs-1-1.1	1.7013232514177759	42.0	150.0	36.36363636363637	529.0
Tzo-CMta_023-Ex1-11G-lcwgs-1-1.2	1.7013232514177759	42.0	150.0	36.36363636363637	529.0
Tzo-CMta_024-Ex1-11H-lcwgs-1-1.1	9.459530011152793	42.0	150.0	9.090909090909092	399716.0
Tzo-CMta_024-Ex1-11H-lcwgs-1-1.2	7.675956750013839	42.0	150.0	9.090909090909092	399716.0
Tzo-CMta_025-Ex1-12A-lcwgs-1-1.1	14.113425108836324	43.0	150.0	18.181818181818183	84990.0
Tzo-CMta_025-Ex1-12A-lcwgs-1-1.2	12.295564184021643	43.0	150.0	18.181818181818183	84990.0
Tzo-CMta_026-Ex1-12B-lcwgs-1-1.1	18.529170090386188	44.0	150.0	27.27272727272727	7302.0
Tzo-CMta_026-Ex1-12B-lcwgs-1-1.2	16.694056422897845	44.0	150.0	27.27272727272727	7302.0
Tzo-CMta_027-Ex1-12C-lcwgs-1-1.1	11.429149546465737	43.0	150.0	18.181818181818183	229537.0
Tzo-CMta_027-Ex1-12C-lcwgs-1-1.2	9.6459340693266	43.0	150.0	18.181818181818183	229537.0
Tzo-CMta_028-Ex1-12D-lcwgs-1-1.1	11.111111111111114	43.0	150.0	27.27272727272727	999.0
Tzo-CMta_028-Ex1-12D-lcwgs-1-1.2	9.809809809809806	43.0	150.0	27.27272727272727	999.0
Tzo-CMta_029-Ex1-12E-lcwgs-1-1.1	11.980772971020542	43.0	150.0	18.181818181818183	35991.0
Tzo-CMta_029-Ex1-12E-lcwgs-1-1.2	10.27479091995221	43.0	150.0	18.181818181818183	35991.0
Tzo-CMta_030-Ex1-12F-lcwgs-1-1.1	12.836794233739496	44.0	150.0	18.181818181818183	11654.0
Tzo-CMta_030-Ex1-12F-lcwgs-1-1.2	11.103483782392303	44.0	150.0	27.27272727272727	11654.0
Tzo-CMta_031-Ex1-12G-lcwgs-1-1.1	14.164564059433687	44.0	150.0	18.181818181818183	14268.0
Tzo-CMta_031-Ex1-12G-lcwgs-1-1.2	12.244182786655458	44.0	150.0	18.181818181818183	14268.0
Tzo-CMta_032-Ex1-12H-lcwgs-1-1.1	9.86697941421562	43.0	150.0	9.090909090909092	32401.0
Tzo-CMta_032-Ex1-12H-lcwgs-1-1.2	8.407147927533103	43.0	150.0	9.090909090909092	32401.0
Tzo-CMta_033-Ex1-1A-lcwgs-1-1.1	10.962863557769225	42.0	150.0	9.090909090909092	38749.0
Tzo-CMta_033-Ex1-1A-lcwgs-1-1.2	8.895713437766133	43.0	150.0	9.090909090909092	38749.0
Tzo-CMta_034-Ex1-1B-lcwgs-1-1.1	12.116626359580636	43.0	150.0	18.181818181818183	118488.0
Tzo-CMta_034-Ex1-1B-lcwgs-1-1.2	10.27962223033964	43.0	150.0	18.181818181818183	118488.0
Tzo-CMta_035-Ex1-1C-lcwgs-1-1.1	9.45635064777818	42.0	150.0	9.090909090909092	8259.0
Tzo-CMta_035-Ex1-1C-lcwgs-1-1.2	7.797554183315171	42.0	150.0	18.181818181818183	8259.0
Tzo-CMta_036-Ex1-1D-lcwgs-1-1.1	12.387434054286672	42.0	150.0	9.090909090909092	62741.0
Tzo-CMta_036-Ex1-1D-lcwgs-1-1.2	9.806984268660045	42.0	150.0	9.090909090909092	62741.0
Tzo-CMta_037-Ex1-1E-lcwgs-1-1.1	0.9940891993551872	42.0	150.0	18.181818181818183	3722.0
Tzo-CMta_037-Ex1-1E-lcwgs-1-1.2	0.8597528210639354	43.0	150.0	18.181818181818183	3722.0
Tzo-CMta_038-Ex1-1F-lcwgs-1-1.1	1.146542457900395	42.0	150.0	18.181818181818183	2791.0
Tzo-CMta_038-Ex1-1F-lcwgs-1-1.2	1.2182013615191636	43.0	150.0	18.181818181818183	2791.0
Tzo-CMta_039-Ex1-1G-lcwgs-1-1.1	9.847234380294125	42.0	150.0	9.090909090909092	521221.0
Tzo-CMta_039-Ex1-1G-lcwgs-1-1.2	7.930907707937976	42.0	150.0	9.090909090909092	521221.0
Tzo-CMta_040-Ex1-1H-lcwgs-1-1.1	10.876634608731749	42.0	150.0	9.090909090909092	86718.0
Tzo-CMta_040-Ex1-1H-lcwgs-1-1.2	9.111141862127809	42.0	150.0	9.090909090909092	86718.0
Tzo-CMta_041-Ex1-2A-lcwgs-1-1.1	8.830746677714401	42.0	150.0	9.090909090909092	31379.0
Tzo-CMta_041-Ex1-2A-lcwgs-1-1.2	7.0843557793428715	42.0	150.0	9.090909090909092	31379.0
Tzo-CMta_042-Ex1-2B-lcwgs-1-1.1	10.407146572260217	42.0	150.0	9.090909090909092	829879.0
Tzo-CMta_042-Ex1-2B-lcwgs-1-1.2	8.504196566540458	42.0	150.0	9.090909090909092	829879.0
Tzo-CMta_043-Ex1-2C-lcwgs-1-1.1	8.879887873305307	42.0	150.0	9.090909090909092	307322.0
Tzo-CMta_043-Ex1-2C-lcwgs-1-1.2	6.998148041873279	42.0	150.0	9.090909090909092	307322.0
Tzo-CMta_044-Ex1-2D-lcwgs-1-1.1	10.272883077755708	42.0	150.0	9.090909090909092	1292304.0
Tzo-CMta_044-Ex1-2D-lcwgs-1-1.2	8.296660418132689	42.0	150.0	9.090909090909092	1292304.0
Tzo-CMta_045-Ex1-2E-lcwgs-1-1.1	9.682920058976237	42.0	150.0	9.090909090909092	545613.0
Tzo-CMta_045-Ex1-2E-lcwgs-1-1.2	7.96816636504893	43.0	150.0	9.090909090909092	545613.0
Tzo-CMta_046-Ex1-2F-lcwgs-1-1.1	4.009111617312072	42.0	150.0	9.090909090909092	15365.0
Tzo-CMta_046-Ex1-2F-lcwgs-1-1.2	3.2801822323462346	42.0	150.0	9.090909090909092	15365.0
Tzo-CMta_047-Ex1-2G-lcwgs-1-1.1	1.2213521086284942	42.0	150.0	18.181818181818183	13919.0
Tzo-CMta_047-Ex1-2G-lcwgs-1-1.2	0.8764997485451573	42.0	150.0	9.090909090909092	13919.0
Tzo-CMta_048-Ex1-2H-lcwgs-1-1.1	14.210944727913883	42.0	150.0	9.090909090909092	193646.0
Tzo-CMta_048-Ex1-2H-lcwgs-1-1.2	11.797197781137626	43.0	150.0	9.090909090909092	193646.0
Tzo-CMta_049-Ex1-3A-lcwgs-1-1.1	1.272689338618818	42.0	150.0	18.181818181818183	4793.0
Tzo-CMta_049-Ex1-3A-lcwgs-1-1.2	1.0014604631754622	42.0	150.0	18.181818181818183	4793.0
Tzo-CMta_050-Ex1-3B-lcwgs-1-1.1	1.1024643320363054	42.0	150.0	18.181818181818183	4626.0
Tzo-CMta_050-Ex1-3B-lcwgs-1-1.2	0.9511456982274069	42.0	150.0	18.181818181818183	4626.0
Tzo-CMta_051-Ex1-3C-lcwgs-1-1.1	10.245376982461778	42.0	150.0	9.090909090909092	427834.0
Tzo-CMta_051-Ex1-3C-lcwgs-1-1.2	8.252135595855577	42.0	150.0	9.090909090909092	427834.0
Tzo-CMta_052-Ex1-3D-lcwgs-1-1.1	1.3195581014729925	42.0	150.0	18.181818181818183	9776.0
Tzo-CMta_052-Ex1-3D-lcwgs-1-1.2	1.0433715220949296	42.0	150.0	18.181818181818183	9776.0
Tzo-CMta_053-Ex1-3E-lcwgs-1-1.1	12.142867663838416	42.0	150.0	9.090909090909092	1460424.0
Tzo-CMta_053-Ex1-3E-lcwgs-1-1.2	9.830853134674385	42.0	150.0	9.090909090909092	1460424.0
Tzo-CMta_054-Ex1-3F-lcwgs-1-1.1	1.3482407102926715	42.0	150.0	18.181818181818183	9123.0
Tzo-CMta_054-Ex1-3F-lcwgs-1-1.2	1.1838211114764903	43.0	150.0	18.181818181818183	9123.0
Tzo-CMta_055-Ex1-3G-lcwgs-1-1.1	10.035450348777687	42.0	150.0	9.090909090909092	631204.0
Tzo-CMta_055-Ex1-3G-lcwgs-1-1.2	8.104917532115678	43.0	150.0	9.090909090909092	631204.0
Tzo-CMta_056-Ex1-3H-lcwgs-1-1.1	10.623742970241224	43.0	150.0	9.090909090909092	78061.0
Tzo-CMta_056-Ex1-3H-lcwgs-1-1.2	8.976313395933943	43.0	150.0	9.090909090909092	78061.0
Tzo-CMta_057-Ex1-4A-lcwgs-1-1.1	1.2707024557395812	42.0	150.0	18.181818181818183	7004.0
Tzo-CMta_057-Ex1-4A-lcwgs-1-1.2	0.9708737864077648	42.0	150.0	18.181818181818183	7004.0
Tzo-CMta_058-Ex1-4B-lcwgs-1-1.1	10.336489240339702	42.0	150.0	9.090909090909092	102559.0
Tzo-CMta_058-Ex1-4B-lcwgs-1-1.2	8.527774256769277	42.0	150.0	9.090909090909092	102559.0
Tzo-CMta_059-Ex1-4C-lcwgs-1-1.1	9.316860796609916	43.0	150.0	9.090909090909092	343571.0
Tzo-CMta_059-Ex1-4C-lcwgs-1-1.2	7.6435560559847175	43.0	150.0	9.090909090909092	343571.0
Tzo-CMta_060-Ex1-4D-lcwgs-1-1.1	9.784834695503378	42.0	150.0	9.090909090909092	763162.0
Tzo-CMta_060-Ex1-4D-lcwgs-1-1.2	7.955141331180926	43.0	150.0	9.090909090909092	763162.0
Tzo-CMta_061-Ex1-4E-lcwgs-1-1.1	8.92247894623192	42.0	150.0	9.090909090909092	69465.0
Tzo-CMta_061-Ex1-4E-lcwgs-1-1.2	7.2842438638163145	43.0	150.0	9.090909090909092	69465.0
Tzo-CMta_062-Ex1-4F-lcwgs-1-1.1	9.588366006223964	42.0	150.0	9.090909090909092	245771.0
Tzo-CMta_062-Ex1-4F-lcwgs-1-1.2	7.92439926145299	43.0	150.0	9.090909090909092	245771.0
Tzo-CMta_063-Ex1-4G-lcwgs-1-1.1	9.16542923938863	42.0	150.0	9.090909090909092	220414.0
Tzo-CMta_063-Ex1-4G-lcwgs-1-1.2	7.262247676792782	42.0	150.0	9.090909090909092	220414.0
Tzo-CMta_064-Ex1-4H-lcwgs-1-1.1	8.608608608608606	42.0	150.0	9.090909090909092	35964.0
Tzo-CMta_064-Ex1-4H-lcwgs-1-1.2	7.084862640418194	43.0	150.0	9.090909090909092	35964.0
Tzo-CMvi_006-Ex1-7B-lcwgs-1-1.1	13.990273058099973	40.0	150.0	9.090909090909092	3179932.0
Tzo-CMvi_006-Ex1-7B-lcwgs-1-1.2	11.040148082209583	41.0	150.0	9.090909090909092	3179932.0
Tzo-CMvi_007-Ex1-8E-lcwgs-1-1.1	12.73916628713178	41.0	150.0	9.090909090909092	990723.0
Tzo-CMvi_007-Ex1-8E-lcwgs-1-1.2	9.518407929151707	41.0	150.0	9.090909090909092	990723.0
Tzo-CMvi_011-Ex1-5G-lcwgs-1-1.1	13.791787929550708	40.0	150.0	9.090909090909092	2127295.0
Tzo-CMvi_011-Ex1-5G-lcwgs-1-1.2	10.697947535328439	40.0	150.0	9.090909090909092	2127295.0
Tzo-CMvi_012-Ex1-1G-lcwgs-1-1.1	13.110588347273222	41.0	150.0	9.090909090909092	2811276.0
Tzo-CMvi_012-Ex1-1G-lcwgs-1-1.2	11.048209621383961	41.0	150.0	9.090909090909092	2811276.0
Tzo-CMvi_013-Ex1-2B-lcwgs-1-1.1	10.948253015176917	40.0	150.0	9.090909090909092	1216848.0
Tzo-CMvi_013-Ex1-2B-lcwgs-1-1.2	8.207819854856993	40.0	150.0	9.090909090909092	1216848.0
Tzo-CMvi_015-Ex1-2F-lcwgs-1-1.1	12.397016603042516	40.0	150.0	9.090909090909092	1281003.0
Tzo-CMvi_015-Ex1-2F-lcwgs-1-1.2	9.10464645928316	41.0	150.0	9.090909090909092	1281003.0
Tzo-CMvi_016-Ex1-1D-lcwgs-1-1.1	10.762479200035969	41.0	150.0	9.090909090909092	1726481.0
Tzo-CMvi_016-Ex1-1D-lcwgs-1-1.2	8.551526757749102	41.0	150.0	9.090909090909092	1726481.0
Tzo-CMvi_018-Ex1-1F-lcwgs-2-1.1	19.90352819786419	41.0	150.0	9.090909090909092	193033.0
Tzo-CMvi_018-Ex1-1F-lcwgs-2-1.2	15.539471139084498	42.0	150.0	9.090909090909092	193033.0
Tzo-CMvi_019-Ex1-1G-lcwgs-2-1.1	1.541162699960978	43.0	150.0	18.181818181818183	5126.0
Tzo-CMvi_019-Ex1-1G-lcwgs-2-1.2	1.5216543113538847	43.0	150.0	18.181818181818183	5126.0
Tzo-CMvi_020-Ex1-7D-lcwgs-1-1.1	12.316429899142463	41.0	150.0	9.090909090909092	2009349.0
Tzo-CMvi_020-Ex1-7D-lcwgs-1-1.2	9.465485089381659	41.0	150.0	9.090909090909092	2009349.0
Tzo-CMvi_027-Ex1-1H-lcwgs-2-1.1	2.1501706484641687	43.0	150.0	27.27272727272727	2930.0
Tzo-CMvi_027-Ex1-1H-lcwgs-2-1.2	1.979522184300336	43.0	150.0	27.27272727272727	2930.0
Tzo-CMvi_028-Ex1-2A-lcwgs-2-1.1	14.522895287028064	41.0	150.0	18.181818181818183	73181.0
Tzo-CMvi_028-Ex1-2A-lcwgs-2-1.2	11.759883029748167	42.0	150.0	18.181818181818183	73181.0
Tzo-CMvi_029-Ex1-3C-lcwgs-1-1.1	12.305579237216378	40.0	150.0	9.090909090909092	1455542.0
Tzo-CMvi_029-Ex1-3C-lcwgs-1-1.2	9.077326862997353	41.0	150.0	9.090909090909092	1455542.0
Tzo-CMvi_030-Ex1-2H-lcwgs-1-1.1	11.889267672741212	40.0	150.0	9.090909090909092	1674606.0
Tzo-CMvi_030-Ex1-2H-lcwgs-1-1.2	8.79501527285747	41.0	150.0	9.090909090909092	1674606.0
Tzo-CMvi_031-Ex1-2B-lcwgs-2-1.1	14.236219342235003	41.0	150.0	18.181818181818183	1261390.0
Tzo-CMvi_031-Ex1-2B-lcwgs-2-1.2	11.644859249822417	41.0	150.0	18.181818181818183	1261390.0
Tzo-CMvi_032-Ex1-2C-lcwgs-2-1.1	17.849418114514094	41.0	150.0	18.181818181818183	182579.0
Tzo-CMvi_032-Ex1-2C-lcwgs-2-1.2	14.604165240333515	41.0	150.0	18.181818181818183	182579.0
Tzo-CMvi_033-Ex1-2D-lcwgs-2-1.1	9.21939953810623	42.0	150.0	18.181818181818183	10825.0
Tzo-CMvi_033-Ex1-2D-lcwgs-2-1.2	7.54734411085451	42.0	150.0	27.27272727272727	10825.0
Tzo-CMvi_034-Ex1-2E-lcwgs-2-1.1	1.5076459185871158	42.0	150.0	18.181818181818183	4643.0
Tzo-CMvi_034-Ex1-2E-lcwgs-2-1.2	1.4214947232392774	43.0	150.0	18.181818181818183	4643.0
Tzo-CMvi_035-Ex1-2F-lcwgs-2-1.1	15.379548231010602	42.0	150.0	9.090909090909092	83494.0
Tzo-CMvi_035-Ex1-2F-lcwgs-2-1.2	12.01044386422977	42.0	150.0	9.090909090909092	83494.0
Tzo-CMvi_038-Ex1-6B-lcwgs-1-1.1	11.210729382332019	40.0	150.0	9.090909090909092	747188.0
Tzo-CMvi_038-Ex1-6B-lcwgs-1-1.2	8.729977277717154	40.0	150.0	9.090909090909092	747188.0
Tzo-CMvi_040-Ex1-2G-lcwgs-2-1.1	2.097488921713449	42.0	150.0	27.27272727272727	3385.0
Tzo-CMvi_040-Ex1-2G-lcwgs-2-1.2	1.7429837518463813	43.0	150.0	27.27272727272727	3385.0
Tzo-CMvi_041-Ex1-4D-lcwgs-1-1.1	10.13199716007695	40.0	150.0	9.090909090909092	792305.0
Tzo-CMvi_041-Ex1-4D-lcwgs-1-1.2	7.790038431700992	41.0	150.0	9.090909090909092	792305.0
Tzo-CMvi_042-Ex1-2H-lcwgs-2-1.1	17.727099830561215	43.0	150.0	18.181818181818183	57838.0
Tzo-CMvi_042-Ex1-2H-lcwgs-2-1.2	14.333137383726964	43.0	150.0	18.181818181818183	57838.0
Tzo-CMvi_044-Ex1-3A-lcwgs-2-1.1	16.0192695432587	41.0	150.0	18.181818181818183	143685.0
Tzo-CMvi_044-Ex1-3A-lcwgs-2-1.2	12.500309899223453	41.0	150.0	18.181818181818183	143685.0
Tzo-CMvi_045-Ex1-8B-lcwgs-1-1.1	13.37189201926337	40.0	150.0	9.090909090909092	2197114.0
Tzo-CMvi_045-Ex1-8B-lcwgs-1-1.2	9.74134512686777	41.0	150.0	9.090909090909092	2197114.0
Tzo-CMvi_046-Ex1-6E-lcwgs-1-1.1	13.416646658307556	40.0	150.0	9.090909090909092	1583323.0
Tzo-CMvi_046-Ex1-6E-lcwgs-1-1.2	10.19032090823734	40.0	150.0	9.090909090909092	1583323.0
Tzo-CMvi_047-Ex1-1F-lcwgs-1-1.1	11.593195907429134	41.0	150.0	9.090909090909092	1271659.0
Tzo-CMvi_047-Ex1-1F-lcwgs-1-1.2	9.31241371671787	41.0	150.0	9.090909090909092	1271659.0
Tzo-CMvi_048-Ex1-2A-lcwgs-1-1.1	11.341309616623548	40.0	150.0	9.090909090909092	1302158.0
Tzo-CMvi_048-Ex1-2A-lcwgs-1-1.2	8.691314490440817	41.0	150.0	9.090909090909092	1302158.0
Tzo-CMvi_049-Ex1-5B-lcwgs-1-1.1	11.867991267979434	40.0	150.0	9.090909090909092	1077798.0
Tzo-CMvi_049-Ex1-5B-lcwgs-1-1.2	8.957049984922918	40.0	150.0	9.090909090909092	1077798.0
Tzo-CMvi_050-Ex1-3B-lcwgs-2-1.1	11.46021883020397	41.0	150.0	18.181818181818183	37015.0
Tzo-CMvi_050-Ex1-3B-lcwgs-2-1.2	8.953127110630817	41.0	150.0	18.181818181818183	37015.0
Tzo-CMvi_051-Ex1-6H-lcwgs-1-1.1	11.784910980515889	40.0	150.0	9.090909090909092	985775.0
Tzo-CMvi_051-Ex1-6H-lcwgs-1-1.2	9.233162462142047	40.0	150.0	9.090909090909092	985775.0
Tzo-CMvi_052-Ex1-7E-lcwgs-1-1.1	10.131022015903326	41.0	150.0	9.090909090909092	937097.0
Tzo-CMvi_052-Ex1-7E-lcwgs-1-1.2	7.820237586148593	41.0	150.0	9.090909090909092	937097.0
Tzo-CMvi_053-Ex1-3C-lcwgs-2-1.1	8.253318271674672	41.0	150.0	9.090909090909092	14164.0
Tzo-CMvi_053-Ex1-3C-lcwgs-2-1.2	6.114092064388586	42.0	150.0	9.090909090909092	14164.0
Tzo-CMvi_054-Ex1-3D-lcwgs-2-1.1	20.473363894582477	41.0	150.0	18.181818181818183	183206.0
Tzo-CMvi_054-Ex1-3D-lcwgs-2-1.2	17.361118953621812	41.0	150.0	18.181818181818183	183206.0
Tzo-CMvi_057-Ex1-1H-lcwgs-1-1.1	12.109778872880227	41.0	150.0	18.181818181818183	1073189.0
Tzo-CMvi_057-Ex1-1H-lcwgs-1-1.2	9.745733109369226	41.0	150.0	18.181818181818183	1073189.0
Tzo-CMvi_058-Ex1-3E-lcwgs-2-1.1	12.851427536969553	41.0	150.0	18.181818181818183	278771.0
Tzo-CMvi_058-Ex1-3E-lcwgs-2-1.2	10.100028981228334	41.0	150.0	18.181818181818183	278771.0
Tzo-CMvi_061-Ex1-3F-lcwgs-2-1.1	16.106272543327165	42.0	150.0	9.090909090909092	113670.0
Tzo-CMvi_061-Ex1-3F-lcwgs-2-1.2	12.144805137679242	42.0	150.0	9.090909090909092	113670.0
Tzo-CMvi_062-Ex1-3G-lcwgs-2-1.1	15.061358748365876	41.0	150.0	18.181818181818183	47426.0
Tzo-CMvi_062-Ex1-3G-lcwgs-2-1.2	11.76569814026061	41.0	150.0	18.181818181818183	47426.0
Tzo-CMvi_063-Ex1-7A-lcwgs-1-1.1	10.40859884233484	41.0	150.0	9.090909090909092	1110370.0
Tzo-CMvi_063-Ex1-7A-lcwgs-1-1.2	8.07654027410591	41.0	150.0	9.090909090909092	1110370.0
Tzo-CMvi_064-Ex1-3A-lcwgs-1-1.1	12.116252805481679	40.0	150.0	9.090909090909092	1200943.0
Tzo-CMvi_064-Ex1-3A-lcwgs-1-1.2	8.98430819510915	40.0	150.0	9.090909090909092	1200943.0
Tzo-CMvi_065-Ex1-1E-lcwgs-1-1.1	10.117030443737832	40.0	150.0	9.090909090909092	888137.0
Tzo-CMvi_065-Ex1-1E-lcwgs-1-1.2	7.901432438130456	41.0	150.0	9.090909090909092	888137.0
Tzo-CMvi_066-Ex1-5F-lcwgs-1-1.1	12.22688784983201	40.0	150.0	9.090909090909092	1153574.0
Tzo-CMvi_066-Ex1-5F-lcwgs-1-1.2	9.270260114245971	41.0	150.0	9.090909090909092	1153574.0
Tzo-CMvi_067-Ex1-6A-lcwgs-1-1.1	14.98443286732072	40.0	150.0	9.090909090909092	2850755.0
Tzo-CMvi_067-Ex1-6A-lcwgs-1-1.2	11.595789922736401	41.0	150.0	9.090909090909092	2850755.0
Tzo-CMvi_068-Ex1-6F-lcwgs-1-1.1	11.68391676211047	40.0	150.0	9.090909090909092	697119.0
Tzo-CMvi_068-Ex1-6F-lcwgs-1-1.2	9.03770172041473	40.0	150.0	9.090909090909092	697119.0
Tzo-CMvi_069-Ex1-7G-lcwgs-1-1.1	10.417643713778972	40.0	150.0	9.090909090909092	1437056.0
Tzo-CMvi_069-Ex1-7G-lcwgs-1-1.2	8.095384619871055	41.0	150.0	9.090909090909092	1437056.0
Tzo-CMvi_070-Ex1-3H-lcwgs-2-1.1	1.0055865921787728	42.0	150.0	9.090909090909092	1790.0
Tzo-CMvi_070-Ex1-3H-lcwgs-2-1.2	0.9497206703910592	42.0	150.0	18.181818181818183	1790.0
Tzo-CMvi_071-Ex1-4A-lcwgs-2-1.1	13.770301624129928	41.0	150.0	18.181818181818183	51720.0
Tzo-CMvi_071-Ex1-4A-lcwgs-2-1.2	10.933874709976806	42.0	150.0	18.181818181818183	51720.0
Tzo-CMvi_075-Ex1-3D-lcwgs-1-1.1	12.342968994795072	40.0	150.0	9.090909090909092	1473748.0
Tzo-CMvi_075-Ex1-3D-lcwgs-1-1.2	9.202147677422701	40.0	150.0	9.090909090909092	1473748.0
Tzo-CMvi_076-Ex1-5A-lcwgs-1-1.1	12.453099945043235	40.0	150.0	9.090909090909092	1389348.0
Tzo-CMvi_076-Ex1-5A-lcwgs-1-1.2	9.411608424626024	40.0	150.0	9.090909090909092	1389348.0
Tzo-CMvi_077-Ex1-6D-lcwgs-1-1.1	14.095048655111455	40.0	150.0	9.090909090909092	1833469.0
Tzo-CMvi_077-Ex1-6D-lcwgs-1-1.2	10.87334478945074	40.0	150.0	9.090909090909092	1833469.0
Tzo-CMvi_078-Ex1-4B-lcwgs-2-1.1	12.200667826165898	41.0	150.0	18.181818181818183	330638.0
Tzo-CMvi_078-Ex1-4B-lcwgs-2-1.2	9.359814025091765	41.0	150.0	18.181818181818183	330638.0
Tzo-CMvi_079-Ex1-7C-lcwgs-1-1.1	11.682201776404526	40.0	150.0	9.090909090909092	597192.0
Tzo-CMvi_079-Ex1-7C-lcwgs-1-1.2	8.904031093295558	41.0	150.0	9.090909090909092	597192.0
Tzo-CMvi_080-Ex1-4C-lcwgs-2-1.1	17.09229379492932	41.0	150.0	18.181818181818183	174857.0
Tzo-CMvi_080-Ex1-4C-lcwgs-2-1.2	13.550862774807172	41.0	150.0	18.181818181818183	174857.0
Tzo-CMvi_081-Ex1-4D-lcwgs-2-1.1	12.24417909757976	41.0	150.0	18.181818181818183	202387.0
Tzo-CMvi_081-Ex1-4D-lcwgs-2-1.2	9.406408923485515	41.0	150.0	18.181818181818183	202387.0
Tzo-CMvi_082-Ex1-6C-lcwgs-1-1.1	13.47772245041098	40.0	150.0	9.090909090909092	1635711.0
Tzo-CMvi_082-Ex1-6C-lcwgs-1-1.2	10.44167034774955	40.0	150.0	9.090909090909092	1635711.0
Tzo-CMvi_083-Ex1-4E-lcwgs-2-1.1	16.488724865256216	41.0	150.0	18.181818181818183	157531.0
Tzo-CMvi_083-Ex1-4E-lcwgs-2-1.2	13.775513230090098	41.0	150.0	18.181818181818183	157531.0
Tzo-CMvi_087-Ex1-2D-lcwgs-1-1.1	11.649053025226763	40.0	150.0	9.090909090909092	1117555.0
Tzo-CMvi_087-Ex1-2D-lcwgs-1-1.2	8.60351775388088	40.0	150.0	9.090909090909092	1117555.0
Tzo-CMvi_088-Ex1-4F-lcwgs-2-1.1	15.129426418603018	41.0	150.0	18.181818181818183	114003.0
Tzo-CMvi_088-Ex1-4F-lcwgs-2-1.2	11.684182637110311	41.0	150.0	18.181818181818183	114003.0
Tzo-CMvi_089-Ex1-5D-lcwgs-1-1.1	15.311750567667758	40.0	150.0	9.090909090909092	3973346.0
Tzo-CMvi_089-Ex1-5D-lcwgs-1-1.2	11.897806228664649	40.0	150.0	9.090909090909092	3973346.0
Tzo-CMvi_090-Ex1-3F-lcwgs-1-1.1	11.68286661419748	41.0	150.0	9.090909090909092	1003836.0
Tzo-CMvi_090-Ex1-3F-lcwgs-1-1.2	9.452504509979747	41.0	150.0	9.090909090909092	1003836.0
Tzo-CMvi_091-Ex1-2C-lcwgs-1-1.1	14.068033459718308	40.0	150.0	9.090909090909092	1727422.0
Tzo-CMvi_091-Ex1-2C-lcwgs-1-1.2	10.670592647778307	40.0	150.0	9.090909090909092	1727422.0
Tzo-CMvi_092-Ex1-4G-lcwgs-2-1.1	14.98512896774524	42.0	150.0	18.181818181818183	78004.0
Tzo-CMvi_092-Ex1-4G-lcwgs-2-1.2	11.613506999641046	42.0	150.0	18.181818181818183	78004.0
Tzo-CMvi_093-Ex1-4H-lcwgs-2-1.1	15.438758859202608	41.0	150.0	18.181818181818183	41059.0
Tzo-CMvi_093-Ex1-4H-lcwgs-2-1.2	12.798655593170807	41.0	150.0	18.181818181818183	41059.0
Tzo-CMvi_094-Ex1-8C-lcwgs-1-1.1	14.370557740189426	40.0	150.0	9.090909090909092	3081793.0
Tzo-CMvi_094-Ex1-8C-lcwgs-1-1.2	10.927455546589343	41.0	150.0	9.090909090909092	3081793.0
