Sample	FastQC_mqc-generalstats-fastqc-percent_duplicates	FastQC_mqc-generalstats-fastqc-percent_gc	FastQC_mqc-generalstats-fastqc-avg_sequence_length	FastQC_mqc-generalstats-fastqc-percent_fails	FastQC_mqc-generalstats-fastqc-total_sequences
Tzo-ABol_002-Ex1-2A-lcwgs-1-1.clmp.r1	1.9578218698378294	39.0	93.39284439994015	0.0	695064.0
Tzo-ABol_002-Ex1-2A-lcwgs-1-1.clmp.r2	1.2553218114559002	39.0	93.47304277016217	0.0	695064.0
Tzo-ABol_003-Ex1-3A-lcwgs-1-1.clmp.r1	2.3559635640994117	39.0	97.75873818951402	0.0	684667.0
Tzo-ABol_003-Ex1-3A-lcwgs-1-1.clmp.r2	1.5259638042997352	39.0	97.82664419345463	0.0	684667.0
Tzo-ABol_008-Ex1-8A-lcwgs-1-1.clmp.r1	2.955821107343553	38.0	100.13575732605449	0.0	2446542.0
Tzo-ABol_008-Ex1-8A-lcwgs-1-1.clmp.r2	2.0672406669703207	38.0	100.19595657871396	0.0	2446542.0
Tzo-ABol_009-Ex1-9A-lcwgs-1-1.clmp.r1	3.880919890353482	42.0	104.64580460002789	0.0	2223030.0
Tzo-ABol_009-Ex1-9A-lcwgs-1-1.clmp.r2	2.9817136815308345	42.0	104.68504428640189	0.0	2223030.0
Tzo-ABol_010-Ex1-10A-lcwgs-1-1.clmp.r1	2.377779654803433	39.0	93.52990633896466	0.0	3658405.0
Tzo-ABol_010-Ex1-10A-lcwgs-1-1.clmp.r2	1.6002086039749486	39.0	93.62383060377405	0.0	3658405.0
Tzo-ABol_011-Ex1-11A-lcwgs-1-1.clmp.r1	0.3071847090278226	39.0	98.5554923488253	9.090909090909092	17579.0
Tzo-ABol_011-Ex1-11A-lcwgs-1-1.clmp.r2	0.1877239888503368	39.0	98.62591728767279	9.090909090909092	17579.0
Tzo-ABol_012-Ex1-12A-lcwgs-1-1.clmp.r1	2.0422254194328957	38.0	92.89659116769874	0.0	1001868.0
Tzo-ABol_012-Ex1-12A-lcwgs-1-1.clmp.r2	1.447623337024666	38.0	92.97848718593667	0.0	1001868.0
Tzo-ABol_020-Ex1-8B-lcwgs-1-1.clmp.r1	2.8576477820714956	38.0	94.98107462666434	0.0	4151358.0
Tzo-ABol_020-Ex1-8B-lcwgs-1-1.clmp.r2	1.9502608284836356	38.0	95.06470340548803	0.0	4151358.0
Tzo-ABol_023-Ex1-11B-lcwgs-1-1.clmp.r1	2.9990907781548373	38.0	97.36136663339259	0.0	4618210.0
Tzo-ABol_023-Ex1-11B-lcwgs-1-1.clmp.r2	2.1734587074865033	38.0	97.41731081955996	0.0	4618210.0
Tzo-ABol_024-Ex1-12B-lcwgs-1-1.clmp.r1	0.45222966397618336	39.0	98.96496651210717	9.090909090909092	17469.0
Tzo-ABol_024-Ex1-12B-lcwgs-1-1.clmp.r2	0.21180376667238932	39.0	98.96800045795409	9.090909090909092	17469.0
Tzo-ABol_026-Ex1-2C-lcwgs-1-1.clmp.r1	2.4183594563211983	38.0	93.25839998436163	0.0	1995093.0
Tzo-ABol_026-Ex1-2C-lcwgs-1-1.clmp.r2	1.6502146720003878	38.0	93.33112992727658	0.0	1995093.0
Tzo-ABol_030-Ex1-6C-lcwgs-1-1.clmp.r1	2.490136348247688	38.0	93.04285929444315	0.0	4302474.0
Tzo-ABol_030-Ex1-6C-lcwgs-1-1.clmp.r2	1.7302080079776374	38.0	93.11406669743965	0.0	4302474.0
Tzo-ABol_034-Ex1-10C-lcwgs-1-1.clmp.r1	2.3923827210247595	39.0	93.39923096382495	0.0	4150650.0
Tzo-ABol_034-Ex1-10C-lcwgs-1-1.clmp.r2	1.7435026698109652	39.0	93.46231746834833	0.0	4150650.0
Tzo-ABol_035-Ex1-11C-lcwgs-1-1.clmp.r1	1.4714214422982792	38.0	92.87746262746263	0.0	242424.0
Tzo-ABol_035-Ex1-11C-lcwgs-1-1.clmp.r2	0.9858125762783914	38.0	92.94659769659769	0.0	242424.0
Tzo-ABol_036-Ex1-12C-lcwgs-1-1.clmp.r1	2.918252042863841	40.0	93.49824045351457	0.0	4877109.0
Tzo-ABol_036-Ex1-12C-lcwgs-1-1.clmp.r2	2.094970114770206	40.0	93.56561356328103	0.0	4877109.0
Tzo-ABol_038-Ex1-2D-lcwgs-1-1.clmp.r1	2.894922938664692	39.0	99.19293267728438	9.090909090909092	2556923.0
Tzo-ABol_038-Ex1-2D-lcwgs-1-1.clmp.r2	2.146680247067252	39.0	99.25893544701972	9.090909090909092	2556923.0
Tzo-ABol_043-Ex1-7D-lcwgs-1-1.clmp.r1	1.9583426042720902	39.0	89.52028521445942	0.0	2470001.0
Tzo-ABol_043-Ex1-7D-lcwgs-1-1.clmp.r2	1.3273280244292351	39.0	89.6158454996577	0.0	2470001.0
Tzo-ABol_044-Ex1-8D-lcwgs-1-1.clmp.r1	5.268711700435475	43.0	97.87305888640313	0.0	4322390.0
Tzo-ABol_044-Ex1-8D-lcwgs-1-1.clmp.r2	3.950277051248591	43.0	97.94360805017594	0.0	4322390.0
Tzo-ABol_045-Ex1-9D-lcwgs-1-1.clmp.r1	1.9841425988527277	39.0	88.33185986922403	0.0	2696367.0
Tzo-ABol_045-Ex1-9D-lcwgs-1-1.clmp.r2	1.3151124724800098	39.0	88.42444185083113	0.0	2696367.0
Tzo-ABol_046-Ex1-10D-lcwgs-1-1.clmp.r1	1.552225046577476	40.0	86.77732397775145	0.0	855247.0
Tzo-ABol_046-Ex1-10D-lcwgs-1-1.clmp.r2	0.9867368140225352	40.0	86.8660422076897	0.0	855247.0
Tzo-ABol_047-Ex1-11D-lcwgs-1-1.clmp.r1	2.9782959509034725	39.0	97.02079963210831	0.0	4057716.0
Tzo-ABol_047-Ex1-11D-lcwgs-1-1.clmp.r2	2.2033395104475346	39.0	97.07395120801948	0.0	4057716.0
Tzo-ABol_048-Ex1-12D-lcwgs-1-1.clmp.r1	1.9715364205938926	38.0	95.69183485219475	0.0	1035315.0
Tzo-ABol_048-Ex1-12D-lcwgs-1-1.clmp.r2	1.442929485198519	38.0	95.74327233740456	0.0	1035315.0
Tzo-ABol_050-Ex1-2E-lcwgs-1-1.clmp.r1	2.2379190695269386	39.0	93.2358010262227	0.0	1854958.0
Tzo-ABol_050-Ex1-2E-lcwgs-1-1.clmp.r2	1.4776270912851572	39.0	93.30538319465994	0.0	1854958.0
Tzo-ABol_051-Ex1-3E-lcwgs-1-1.clmp.r1	1.9516466416685319	39.0	89.88493243134671	0.0	809029.0
Tzo-ABol_051-Ex1-3E-lcwgs-1-1.clmp.r2	1.2138563702869192	39.0	89.97158692704464	0.0	809029.0
Tzo-ABol_052-Ex1-4E-lcwgs-1-1.clmp.r1	2.0304407264991653	39.0	86.90734438310784	0.0	2032138.0
Tzo-ABol_052-Ex1-4E-lcwgs-1-1.clmp.r2	1.3152817729669408	39.0	87.00589772938649	0.0	2032138.0
Tzo-ABol_053-Ex1-5E-lcwgs-1-1.clmp.r1	2.4590862332923678	38.0	90.18042681097928	0.0	6871379.0
Tzo-ABol_053-Ex1-5E-lcwgs-1-1.clmp.r2	1.6634026797309502	38.0	90.2764936994452	0.0	6871379.0
Tzo-ABol_054-Ex1-6E-lcwgs-1-1.clmp.r1	3.1893642424087716	40.0	98.12328045998984	0.0	6183267.0
Tzo-ABol_054-Ex1-6E-lcwgs-1-1.clmp.r2	2.414874583056516	40.0	98.180660644284	0.0	6183267.0
Tzo-ABol_055-Ex1-7E-lcwgs-1-1.clmp.r1	2.4152701818474327	38.0	95.33403301631809	0.0	2293896.0
Tzo-ABol_055-Ex1-7E-lcwgs-1-1.clmp.r2	1.7040477974416461	38.0	95.40884024384715	0.0	2293896.0
Tzo-ABol_056-Ex1-8E-lcwgs-1-1.clmp.r1	2.201273048450119	38.0	92.16053815247513	0.0	1424652.0
Tzo-ABol_056-Ex1-8E-lcwgs-1-1.clmp.r2	1.4576600678005036	39.0	92.24717404671456	0.0	1424652.0
Tzo-ABol_057-Ex1-9E-lcwgs-1-1.clmp.r1	2.885302426919381	39.0	96.48506741438852	0.0	5133103.0
Tzo-ABol_057-Ex1-9E-lcwgs-1-1.clmp.r2	2.1091616808336227	39.0	96.55359477493438	0.0	5133103.0
Tzo-ABol_058-Ex1-10E-lcwgs-1-1.clmp.r1	1.8833295395152163	38.0	90.92477916708273	0.0	1482116.0
Tzo-ABol_058-Ex1-10E-lcwgs-1-1.clmp.r2	1.3048877621509263	38.0	91.01333296449131	0.0	1482116.0
Tzo-ABol_059-Ex1-11E-lcwgs-1-1.clmp.r1	2.1842327985977334	38.0	91.61921191989761	0.0	1236118.0
Tzo-ABol_059-Ex1-11E-lcwgs-1-1.clmp.r2	1.4938295467193115	38.0	91.68737531530161	0.0	1236118.0
Tzo-ABol_060-Ex1-12E-lcwgs-1-1.clmp.r1	2.0121275715839175	39.0	93.23748729201566	0.0	1248231.0
Tzo-ABol_060-Ex1-12E-lcwgs-1-1.clmp.r2	1.331797612039992	39.0	93.31529500549178	0.0	1248231.0
Tzo-ABol_061-Ex1-1F-lcwgs-1-1.clmp.r1	1.7386382729739864	40.0	87.2172783674833	0.0	1305077.0
Tzo-ABol_061-Ex1-1F-lcwgs-1-1.clmp.r2	1.1442160614311092	40.0	87.30332999508842	0.0	1305077.0
Tzo-ABol_062-Ex1-2F-lcwgs-1-1.clmp.r1	1.8649289500610706	40.0	85.56868233190484	0.0	4340949.0
Tzo-ABol_062-Ex1-2F-lcwgs-1-1.clmp.r2	1.1354201485998914	40.0	85.66074538079116	0.0	4340949.0
Tzo-ABol_063-Ex1-3F-lcwgs-1-1.clmp.r1	0.5610757609002377	39.0	90.77453531015892	9.090909090909092	31903.0
Tzo-ABol_063-Ex1-3F-lcwgs-1-1.clmp.r2	0.3510641632448426	39.0	90.80622511989468	9.090909090909092	31903.0
Tzo-ABol_065-Ex1-5F-lcwgs-1-1.clmp.r1	2.059054898305945	39.0	89.53126075018295	0.0	2238334.0
Tzo-ABol_065-Ex1-5F-lcwgs-1-1.clmp.r2	1.3948563929159121	39.0	89.61374441884008	0.0	2238334.0
Tzo-ABol_066-Ex1-6F-lcwgs-1-1.clmp.r1	1.773600682475731	39.0	92.39789583146343	0.0	2206002.0
Tzo-ABol_066-Ex1-6F-lcwgs-1-1.clmp.r2	1.3034426050145669	39.0	92.44747330238141	0.0	2206002.0
Tzo-ABol_067-Ex1-7F-lcwgs-1-1.clmp.r1	1.874833022840619	39.0	85.68564759441908	0.0	1985695.0
Tzo-ABol_067-Ex1-7F-lcwgs-1-1.clmp.r2	1.2207643355705073	39.0	85.76654823625985	0.0	1985695.0
Tzo-ABol_068-Ex1-8F-lcwgs-1-1.clmp.r1	3.3352137180934704	41.0	93.97215575321653	0.0	2841341.0
Tzo-ABol_068-Ex1-8F-lcwgs-1-1.clmp.r2	2.3985114964256837	41.0	94.03155411476483	0.0	2841341.0
Tzo-ABol_069-Ex1-9F-lcwgs-1-1.clmp.r1	2.200412687757563	39.0	89.23383615920042	0.0	3501875.0
Tzo-ABol_069-Ex1-9F-lcwgs-1-1.clmp.r2	1.6200257117450434	39.0	89.3192149919686	0.0	3501875.0
Tzo-ABol_070-Ex1-10F-lcwgs-1-1.clmp.r1	2.1634934405439594	38.0	92.6597508493398	0.0	1213884.0
Tzo-ABol_070-Ex1-10F-lcwgs-1-1.clmp.r2	1.4823334028322677	38.0	92.73989606914664	0.0	1213884.0
Tzo-ABol_071-Ex1-11F-lcwgs-1-1.clmp.r1	1.810596966715579	38.0	89.74709328819738	0.0	768050.0
Tzo-ABol_071-Ex1-11F-lcwgs-1-1.clmp.r2	1.1929522075924837	38.0	89.82360523403425	0.0	768050.0
Tzo-ABol_072-Ex1-12F-lcwgs-1-1.clmp.r1	2.6287768672958407	38.0	94.27317030546634	0.0	1659430.0
Tzo-ABol_072-Ex1-12F-lcwgs-1-1.clmp.r2	1.816478838697961	38.0	94.34729515556546	0.0	1659430.0
Tzo-ABol_073-Ex1-1G-lcwgs-1-1.clmp.r1	2.156171488359675	39.0	90.94753987727765	0.0	1603294.0
Tzo-ABol_073-Ex1-1G-lcwgs-1-1.clmp.r2	1.4913029988753124	39.0	91.03608383739976	0.0	1603294.0
Tzo-ABol_075-Ex1-3G-lcwgs-1-1.clmp.r1	2.114910307615318	39.0	85.46825897242948	0.0	5132222.0
Tzo-ABol_075-Ex1-3G-lcwgs-1-1.clmp.r2	1.3470977603324457	39.0	85.57031730116117	0.0	5132222.0
Tzo-ABol_076-Ex1-4G-lcwgs-1-1.clmp.r1	1.8131089563977127	40.0	83.93443336404901	0.0	3662625.0
Tzo-ABol_076-Ex1-4G-lcwgs-1-1.clmp.r2	1.1600284925493867	40.0	84.03018900378827	0.0	3662625.0
Tzo-ABol_077-Ex1-5G-lcwgs-1-1.clmp.r1	2.20886691420057	38.0	95.75811013645018	0.0	1423743.0
Tzo-ABol_077-Ex1-5G-lcwgs-1-1.clmp.r2	1.5079339660696007	38.0	95.82600160281736	0.0	1423743.0
Tzo-ABol_078-Ex1-6G-lcwgs-1-1.clmp.r1	2.1668595684900254	38.0	94.8324721591956	0.0	2149004.0
Tzo-ABol_078-Ex1-6G-lcwgs-1-1.clmp.r2	1.6149025311717367	38.0	94.90271353613116	0.0	2149004.0
Tzo-ABol_079-Ex1-7G-lcwgs-1-1.clmp.r1	2.4199054837546186	38.0	95.67934148220186	0.0	1602022.0
Tzo-ABol_079-Ex1-7G-lcwgs-1-1.clmp.r2	1.8396117869283444	38.0	95.7440584461387	0.0	1602022.0
Tzo-ABol_080-Ex1-8G-lcwgs-1-1.clmp.r1	3.056047752091459	38.0	96.5104591923958	0.0	5849400.0
Tzo-ABol_080-Ex1-8G-lcwgs-1-1.clmp.r2	2.173893214379774	38.0	96.57918914760488	0.0	5849400.0
Tzo-ABol_081-Ex1-9G-lcwgs-1-1.clmp.r1	2.6012570797334718	38.0	95.28196921466625	0.0	3385898.0
Tzo-ABol_081-Ex1-9G-lcwgs-1-1.clmp.r2	1.7798013419185281	38.0	95.34534265355897	0.0	3385898.0
Tzo-ABol_082-Ex1-10G-lcwgs-1-1.clmp.r1	4.327767097378427	43.0	97.83987184133618	0.0	1296830.0
Tzo-ABol_082-Ex1-10G-lcwgs-1-1.clmp.r2	3.052737879409179	43.0	97.90167099774064	0.0	1296830.0
Tzo-ABol_083-Ex1-11G-lcwgs-1-1.clmp.r1	2.6548867659997484	39.0	97.4228696555043	0.0	1529424.0
Tzo-ABol_083-Ex1-11G-lcwgs-1-1.clmp.r2	1.872200695177085	39.0	97.48488581322118	0.0	1529424.0
Tzo-ABol_084-Ex1-12G-lcwgs-1-1.clmp.r1	2.209148376475298	38.0	91.88929424669777	0.0	2515199.0
Tzo-ABol_084-Ex1-12G-lcwgs-1-1.clmp.r2	1.5645667140064035	38.0	91.97048066574455	0.0	2515199.0
Tzo-ABol_085-Ex1-1H-lcwgs-1-1.clmp.r1	1.8649028749284327	39.0	88.17787046071611	0.0	1885760.0
Tzo-ABol_085-Ex1-1H-lcwgs-1-1.clmp.r2	1.2813757206643857	39.0	88.26780184116748	0.0	1885760.0
Tzo-ABol_086-Ex1-2H-lcwgs-1-1.clmp.r1	2.4145455082929743	43.0	94.45792928355714	0.0	1217878.0
Tzo-ABol_086-Ex1-2H-lcwgs-1-1.clmp.r2	1.6831592992498656	43.0	94.5386122419487	0.0	1217878.0
Tzo-ABol_087-Ex1-3H-lcwgs-1-1.clmp.r1	2.1814262513474745	39.0	89.6504324622613	0.0	2082147.0
Tzo-ABol_087-Ex1-3H-lcwgs-1-1.clmp.r2	1.4101859512877297	39.0	89.73766741733412	0.0	2082147.0
Tzo-ABol_088-Ex1-4H-lcwgs-1-1.clmp.r1	2.3513436730806205	40.0	91.7419544039444	0.0	1074128.0
Tzo-ABol_088-Ex1-4H-lcwgs-1-1.clmp.r2	1.653957313956127	40.0	91.82308998555106	0.0	1074128.0
Tzo-ABol_090-Ex1-6H-lcwgs-1-1.clmp.r1	1.3692566755246816	41.0	85.84956508065842	0.0	279822.0
Tzo-ABol_090-Ex1-6H-lcwgs-1-1.clmp.r2	0.8104112715863039	41.0	85.94108754851298	9.090909090909092	279822.0
Tzo-ABol_091-Ex1-7H-lcwgs-1-1.clmp.r1	2.188884081360726	39.0	94.90394323043637	0.0	1247429.0
Tzo-ABol_091-Ex1-7H-lcwgs-1-1.clmp.r2	1.4832020469430205	39.0	94.97770774929876	0.0	1247429.0
Tzo-ABol_092-Ex1-8H-lcwgs-1-1.clmp.r1	2.4886293874862275	39.0	96.68652032861034	0.0	1384010.0
Tzo-ABol_092-Ex1-8H-lcwgs-1-1.clmp.r2	1.6978409964236505	39.0	96.76305156754648	0.0	1384010.0
Tzo-ABol_093-Ex1-9H-lcwgs-1-1.clmp.r1	2.369897519488532	39.0	99.28764340698172	0.0	708909.0
Tzo-ABol_093-Ex1-9H-lcwgs-1-1.clmp.r2	1.6647490243585423	39.0	99.33826344425025	0.0	708909.0
Tzo-ABol_095-Ex1-11H-lcwgs-1-1.clmp.r1	2.160605007543282	39.0	98.21760485547834	0.0	533830.0
Tzo-ABol_095-Ex1-11H-lcwgs-1-1.clmp.r2	1.5194761182282974	39.0	98.26048929434464	0.0	533830.0
Tzo-ABol_096-Ex1-12H-lcwgs-1-1.clmp.r1	2.3988441620732033	39.0	97.33435638701405	0.0	867338.0
Tzo-ABol_096-Ex1-12H-lcwgs-1-1.clmp.r2	1.6894357911131976	39.0	97.40183181181962	0.0	867338.0
Tzo-AMta_001-Ex1-5D-lcwgs-1-1.clmp.r1	2.174469844647575	42.0	82.86707246386159	0.0	2480878.0
Tzo-AMta_001-Ex1-5D-lcwgs-1-1.clmp.r2	1.365957905733822	42.0	82.95996417397389	0.0	2480878.0
Tzo-AMta_002-Ex1-5E-lcwgs-1-1.clmp.r1	2.2592826189492854	40.0	86.77054595505008	0.0	5515161.0
Tzo-AMta_002-Ex1-5E-lcwgs-1-1.clmp.r2	1.5650012130148099	40.0	86.84952497306969	0.0	5515161.0
Tzo-AMta_003-Ex1-5F-lcwgs-1-1.clmp.r1	4.8151312639545125	43.0	90.52506001933996	0.0	7744587.0
Tzo-AMta_003-Ex1-5F-lcwgs-1-1.clmp.r2	3.592417970505579	43.0	90.62244210052776	0.0	7744587.0
Tzo-AMta_004-Ex1-5G-lcwgs-1-1.clmp.r1	2.4960732655411704	42.0	87.11296178037493	0.0	4572520.0
Tzo-AMta_004-Ex1-5G-lcwgs-1-1.clmp.r2	1.7586977459859554	42.0	87.19006368479525	0.0	4572520.0
Tzo-AMta_005-Ex1-5H-lcwgs-1-1.clmp.r1	1.888587667785572	40.0	84.23215410131647	0.0	5606078.0
Tzo-AMta_005-Ex1-5H-lcwgs-1-1.clmp.r2	1.2786542070630844	40.0	84.31908582078238	0.0	5606078.0
Tzo-AMta_006-Ex1-1B-lcwgs-2-1.clmp.r1	0.6657488309976145	42.0	64.42401472433117	0.0	691101.0
Tzo-AMta_006-Ex1-1B-lcwgs-2-1.clmp.r2	0.34961458818902713	42.0	64.51172549309001	9.090909090909092	691101.0
Tzo-AMta_006-Ex1-6A-lcwgs-1-1.clmp.r1	2.0597762638058157	40.0	86.60013233935815	0.0	1538469.0
Tzo-AMta_006-Ex1-6A-lcwgs-1-1.clmp.r2	1.2809746942351978	40.0	86.70703342088791	0.0	1538469.0
Tzo-AMta_007-Ex1-6B-lcwgs-1-1.clmp.r1	2.200886828397472	41.0	87.7783410712464	0.0	5312802.0
Tzo-AMta_007-Ex1-6B-lcwgs-1-1.clmp.r2	1.4682321762484776	41.0	87.86652259956234	0.0	5312802.0
Tzo-AMta_008-Ex1-6C-lcwgs-1-1.clmp.r1	1.9669109388615595	40.0	84.5772058116571	0.0	5252409.0
Tzo-AMta_008-Ex1-6C-lcwgs-1-1.clmp.r2	1.2925815614817537	40.0	84.66446234480216	0.0	5252409.0
Tzo-AMta_009-Ex1-6D-lcwgs-1-1.clmp.r1	2.00343556365776	40.0	86.31009936968272	0.0	5485174.0
Tzo-AMta_009-Ex1-6D-lcwgs-1-1.clmp.r2	1.3193961138059649	40.0	86.40185853721323	0.0	5485174.0
Tzo-AMta_010-Ex1-6E-lcwgs-1-1.clmp.r1	1.9922377934943114	40.0	85.07317746963885	0.0	5570936.0
Tzo-AMta_010-Ex1-6E-lcwgs-1-1.clmp.r2	1.2855850303752447	40.0	85.16289022167909	0.0	5570936.0
Tzo-AMta_011-Ex1-6F-lcwgs-1-1.clmp.r1	1.1814848475351738	40.0	89.8638001817669	9.090909090909092	63818.0
Tzo-AMta_011-Ex1-6F-lcwgs-1-1.clmp.r2	0.6784919615155616	40.0	89.96613808016546	9.090909090909092	63818.0
Tzo-AMta_012-Ex1-6G-lcwgs-1-1.clmp.r1	2.2133434702310666	40.0	89.83425655208157	0.0	3812567.0
Tzo-AMta_012-Ex1-6G-lcwgs-1-1.clmp.r2	1.5097540674105119	40.0	89.9122205590092	0.0	3812567.0
Tzo-AMta_013-Ex1-6H-lcwgs-1-1.clmp.r1	1.7858266106427152	40.0	83.59629218531279	0.0	3926248.0
Tzo-AMta_013-Ex1-6H-lcwgs-1-1.clmp.r2	1.1111158764841917	40.0	83.69366402733603	0.0	3926248.0
Tzo-AMta_014-Ex1-7A-lcwgs-1-1.clmp.r1	2.0805906948624795	39.0	86.76822580020958	0.0	3333283.0
Tzo-AMta_014-Ex1-7A-lcwgs-1-1.clmp.r2	1.2894574741871025	39.0	86.86586077449769	0.0	3333283.0
Tzo-AMta_015-Ex1-7B-lcwgs-1-1.clmp.r1	2.2738156314113382	38.0	88.27795079699996	0.0	6272585.0
Tzo-AMta_015-Ex1-7B-lcwgs-1-1.clmp.r2	1.5418913203348694	38.0	88.36757923567397	0.0	6272585.0
Tzo-AMta_016-Ex1-7C-lcwgs-1-1.clmp.r1	2.022105227365614	40.0	86.6014630823741	0.0	3767252.0
Tzo-AMta_016-Ex1-7C-lcwgs-1-1.clmp.r2	1.2588544795357421	40.0	86.68690838839558	0.0	3767252.0
Tzo-AMta_017-Ex1-7D-lcwgs-1-1.clmp.r1	2.269790167677016	42.0	87.21588794833261	0.0	5300055.0
Tzo-AMta_017-Ex1-7D-lcwgs-1-1.clmp.r2	1.4534519075238137	42.0	87.30726266048183	0.0	5300055.0
Tzo-AMta_018-Ex1-7E-lcwgs-1-1.clmp.r1	1.4835776405308536	39.0	81.24436044292129	0.0	3683002.0
Tzo-AMta_018-Ex1-7E-lcwgs-1-1.clmp.r2	0.9194212679482803	39.0	81.33082985021458	0.0	3683002.0
Tzo-AMta_019-Ex1-7F-lcwgs-1-1.clmp.r1	1.743730727275846	39.0	85.09537460698823	0.0	3645247.0
Tzo-AMta_019-Ex1-7F-lcwgs-1-1.clmp.r2	1.1098298709320176	39.0	85.18428298548768	0.0	3645247.0
Tzo-AMta_020-Ex1-7G-lcwgs-1-1.clmp.r1	1.8129790225478786	40.0	85.39286972817632	0.0	4460980.0
Tzo-AMta_020-Ex1-7G-lcwgs-1-1.clmp.r2	1.1825603410220822	40.0	85.47613909948038	0.0	4460980.0
Tzo-AMta_021-Ex1-7H-lcwgs-1-1.clmp.r1	1.7378439690119194	40.0	84.27852516210365	0.0	2923901.0
Tzo-AMta_021-Ex1-7H-lcwgs-1-1.clmp.r2	1.067287417154077	40.0	84.37901488456689	0.0	2923901.0
Tzo-AMta_022-Ex1-8A-lcwgs-1-1.clmp.r1	2.304330105254209	39.0	87.45550200306492	0.0	5594926.0
Tzo-AMta_022-Ex1-8A-lcwgs-1-1.clmp.r2	1.4797095562917235	39.0	87.55447239159196	0.0	5594926.0
Tzo-AMta_023-Ex1-8B-lcwgs-1-1.clmp.r1	1.5947412382025874	38.0	81.9109389132843	0.0	4172462.0
Tzo-AMta_023-Ex1-8B-lcwgs-1-1.clmp.r2	1.0045753291463626	38.0	82.00767820054443	0.0	4172462.0
Tzo-AMta_024-Ex1-8C-lcwgs-1-1.clmp.r1	1.7367140577062656	39.0	83.98921692632955	0.0	3711094.0
Tzo-AMta_024-Ex1-8C-lcwgs-1-1.clmp.r2	1.150017939924652	39.0	84.07374240587816	0.0	3711094.0
Tzo-AMta_025-Ex1-1E-lcwgs-2-1.clmp.r1	1.2192909153651357	40.0	75.1187771405171	0.0	2251477.0
Tzo-AMta_025-Ex1-1E-lcwgs-2-1.clmp.r2	0.6703784479248895	40.0	75.21468529325416	0.0	2251477.0
Tzo-AMta_025-Ex1-8D-lcwgs-1-1.clmp.r1	1.4002935395028828	42.0	76.85650668095472	0.0	2715555.0
Tzo-AMta_025-Ex1-8D-lcwgs-1-1.clmp.r2	0.8007172559671147	42.0	76.95628775701468	0.0	2715555.0
Tzo-AMta_026-Ex1-8E-lcwgs-1-1.clmp.r1	1.4528384327381048	39.0	79.68960314043007	0.0	3697328.0
Tzo-AMta_026-Ex1-8E-lcwgs-1-1.clmp.r2	0.8898936749087767	39.0	79.77707793303705	0.0	3697328.0
Tzo-AMta_027-Ex1-1C-lcwgs-2-1.clmp.r1	0.6118732376879166	42.0	62.168287434854896	9.090909090909092	429426.0
Tzo-AMta_027-Ex1-1C-lcwgs-2-1.clmp.r2	0.30907360018316865	42.0	62.24459860371752	9.090909090909092	429426.0
Tzo-AMta_027-Ex1-8F-lcwgs-1-1.clmp.r1	1.1658194526447119	42.0	77.45173013923014	9.090909090909092	742368.0
Tzo-AMta_027-Ex1-8F-lcwgs-1-1.clmp.r2	0.6424440000751304	42.0	77.55076862149231	9.090909090909092	742368.0
Tzo-AMta_028-Ex1-8G-lcwgs-1-1.clmp.r1	1.5557874000448066	41.0	80.74396087514002	0.0	2863039.0
Tzo-AMta_028-Ex1-8G-lcwgs-1-1.clmp.r2	0.9330750720550327	41.0	80.83688451327419	0.0	2863039.0
Tzo-AMta_029-Ex1-8H-lcwgs-1-1.clmp.r1	1.155356998881274	42.0	73.15323046572254	0.0	2554740.0
Tzo-AMta_029-Ex1-8H-lcwgs-1-1.clmp.r2	0.6510776746448386	42.0	73.25468266829502	0.0	2554740.0
Tzo-AMta_030-Ex1-9A-lcwgs-1-1.clmp.r1	1.3472212159559547	41.0	78.07025324410495	9.090909090909092	389861.0
Tzo-AMta_030-Ex1-9A-lcwgs-1-1.clmp.r2	0.6925258853579663	41.0	78.16688768561103	9.090909090909092	389861.0
Tzo-AMta_031-Ex1-9B-lcwgs-1-1.clmp.r1	1.7775738139503403	39.0	80.74463721679327	0.0	5183316.0
Tzo-AMta_031-Ex1-9B-lcwgs-1-1.clmp.r2	1.0683033206775718	39.0	80.84163361832464	0.0	5183316.0
Tzo-AMvi_001-Ex1-1A-lcwgs-1-1.clmp.r1	3.394480953816199	38.0	98.81721444931975	0.0	181185.0
Tzo-AMvi_001-Ex1-1A-lcwgs-1-1.clmp.r2	2.228712951284436	38.0	98.86722410795596	0.0	181185.0
Tzo-AMvi_002-Ex1-1E-lcwgs-1-1.clmp.r1	3.405110444078076	38.0	97.0554597835034	0.0	193167.0
Tzo-AMvi_002-Ex1-1E-lcwgs-1-1.clmp.r2	2.3661237877714996	38.0	97.11737512100929	0.0	193167.0
Tzo-AMvi_003-Ex1-2A-lcwgs-1-1.clmp.r1	2.219531582232463	36.0	102.66889375738724	0.0	606621.0
Tzo-AMvi_003-Ex1-2A-lcwgs-1-1.clmp.r2	1.6042338250089614	36.0	102.71067767189069	0.0	606621.0
Tzo-AMvi_004-Ex1-2E-lcwgs-1-1.clmp.r1	2.4420864568621	37.0	104.03182076075278	0.0	82839.0
Tzo-AMvi_004-Ex1-2E-lcwgs-1-1.clmp.r2	1.5125725805478112	37.0	104.04983160105748	0.0	82839.0
Tzo-AMvi_005-Ex1-3A-lcwgs-1-1.clmp.r1	3.2954088043600933	37.0	106.0075489558348	0.0	1681822.0
Tzo-AMvi_005-Ex1-3A-lcwgs-1-1.clmp.r2	2.556260918908862	37.0	106.0228490292076	0.0	1681822.0
Tzo-AMvi_006-Ex1-1A-lcwgs-2-1.clmp.r1	13.383292951235546	52.0	126.67658107166312	9.090909090909092	1891154.0
Tzo-AMvi_006-Ex1-1A-lcwgs-2-1.clmp.r2	11.678593000740818	52.0	126.43635473367056	9.090909090909092	1891154.0
Tzo-AMvi_007-Ex1-4A-lcwgs-1-1.clmp.r1	2.3266331658291506	37.0	107.53547738693467	0.0	59700.0
Tzo-AMvi_007-Ex1-4A-lcwgs-1-1.clmp.r2	1.3333333333333286	37.0	107.57165829145728	0.0	59700.0
Tzo-AMvi_008-Ex1-1B-lcwgs-2-1.clmp.r1	4.126981005781104	40.0	120.59501052347024	0.0	1139358.0
Tzo-AMvi_008-Ex1-1B-lcwgs-2-1.clmp.r2	3.172122689910708	40.0	120.49792075888351	0.0	1139358.0
Tzo-AMvi_009-Ex1-5A-lcwgs-1-1.clmp.r1	1.8632993818333858	37.0	99.59370393998724	9.090909090909092	45457.0
Tzo-AMvi_009-Ex1-5A-lcwgs-1-1.clmp.r2	1.0449435730470498	37.0	99.71449941703148	9.090909090909092	45457.0
Tzo-AMvi_010-Ex1-5E-lcwgs-1-1.clmp.r1	2.358744878153985	39.0	103.42333405218892	0.0	37096.0
Tzo-AMvi_010-Ex1-5E-lcwgs-1-1.clmp.r2	1.3208971317662304	39.0	103.42012615915462	9.090909090909092	37096.0
Tzo-AMvi_011-Ex1-6A-lcwgs-1-1.clmp.r1	0.8264924331267167	38.0	97.69274585357681	9.090909090909092	17907.0
Tzo-AMvi_011-Ex1-6A-lcwgs-1-1.clmp.r2	0.46909029988272266	38.0	97.86066901211817	9.090909090909092	17907.0
Tzo-AMvi_012-Ex1-6E-lcwgs-1-1.clmp.r1	3.030008756485202	38.0	101.50005185242799	0.0	154284.0
Tzo-AMvi_012-Ex1-6E-lcwgs-1-1.clmp.r2	2.0576750981364853	38.0	101.50810194187343	0.0	154284.0
Tzo-AMvi_013-Ex1-1B-lcwgs-1-1.clmp.r1	2.265197312754225	39.0	101.35296096561426	0.0	98093.0
Tzo-AMvi_013-Ex1-1B-lcwgs-1-1.clmp.r2	1.389497721549958	39.0	101.37105603865719	0.0	98093.0
Tzo-AMvi_014-Ex1-1C-lcwgs-2-1.clmp.r1	0.25896672277612254	40.0	105.50718632655703	0.0	7723.0
Tzo-AMvi_014-Ex1-1C-lcwgs-2-1.clmp.r2	0.2201217143597063	40.0	105.40398808753075	0.0	7723.0
Tzo-AMvi_015-Ex1-2B-lcwgs-1-1.clmp.r1	2.597629337210236	38.0	110.64156031576077	0.0	300734.0
Tzo-AMvi_015-Ex1-2B-lcwgs-1-1.clmp.r2	1.7148422360963593	38.0	110.62288268037535	0.0	300734.0
Tzo-AMvi_016-Ex1-2F-lcwgs-1-1.clmp.r1	2.560227575784509	40.0	107.62452958781522	0.0	33747.0
Tzo-AMvi_016-Ex1-2F-lcwgs-1-1.clmp.r2	1.469760274987408	40.0	107.5994014282751	9.090909090909092	33747.0
Tzo-AMvi_017-Ex1-3B-lcwgs-1-1.clmp.r1	2.7803115352231202	38.0	107.63769997193377	0.0	57008.0
Tzo-AMvi_017-Ex1-3B-lcwgs-1-1.clmp.r2	1.6944990176817214	38.0	107.64552343530733	9.090909090909092	57008.0
Tzo-AMvi_018-Ex1-3F-lcwgs-1-1.clmp.r1	2.9741109020872614	40.0	105.6196661590373	9.090909090909092	33489.0
Tzo-AMvi_018-Ex1-3F-lcwgs-1-1.clmp.r2	1.7856609633013818	40.0	105.62196542148168	9.090909090909092	33489.0
Tzo-AMvi_019-Ex1-1D-lcwgs-2-1.clmp.r1	0.18624864193698443	40.0	104.45211857830203	9.090909090909092	6443.0
Tzo-AMvi_019-Ex1-1D-lcwgs-2-1.clmp.r2	0.062082880645661476	40.0	104.38212013037405	9.090909090909092	6443.0
Tzo-AMvi_020-Ex1-4F-lcwgs-1-1.clmp.r1	2.7984295380502857	39.0	109.45521120485618	9.090909090909092	35913.0
Tzo-AMvi_020-Ex1-4F-lcwgs-1-1.clmp.r2	1.6846267368362504	39.0	109.47601147216885	9.090909090909092	35913.0
Tzo-AMvi_021-Ex1-1E-lcwgs-2-1.clmp.r1	5.104235928210059	43.0	124.02130756605675	9.090909090909092	2461520.0
Tzo-AMvi_021-Ex1-1E-lcwgs-2-1.clmp.r2	4.10750157892538	43.0	123.88715102863272	9.090909090909092	2461520.0
Tzo-AMvi_022-Ex1-5F-lcwgs-1-1.clmp.r1	3.750242954324591	39.0	115.85590864917395	0.0	102900.0
Tzo-AMvi_022-Ex1-5F-lcwgs-1-1.clmp.r2	2.3942685914516915	39.0	115.77375121477162	0.0	102900.0
Tzo-AMvi_023-Ex1-6B-lcwgs-1-1.clmp.r1	1.5507310589277807	38.0	103.72631179188556	9.090909090909092	15799.0
Tzo-AMvi_023-Ex1-6B-lcwgs-1-1.clmp.r2	1.012722324197739	38.0	103.72757769479081	9.090909090909092	15799.0
Tzo-AMvi_024-Ex1-6F-lcwgs-1-1.clmp.r1	3.024226081153202	38.0	109.05368075145549	0.0	133288.0
Tzo-AMvi_024-Ex1-6F-lcwgs-1-1.clmp.r2	1.9389274099822558	38.0	109.05263789688495	0.0	133288.0
Tzo-AMvi_025-Ex1-1C-lcwgs-1-1.clmp.r1	1.7410376387625774	37.0	98.89187931849727	0.0	262244.0
Tzo-AMvi_025-Ex1-1C-lcwgs-1-1.clmp.r2	1.1735891892275134	37.0	98.93638367322036	0.0	262244.0
Tzo-AMvi_026-Ex1-1G-lcwgs-1-1.clmp.r1	3.261258742161317	39.0	97.36766660455872	0.0	161010.0
Tzo-AMvi_026-Ex1-1G-lcwgs-1-1.clmp.r2	2.106194561199601	39.0	97.41458915595305	0.0	161010.0
Tzo-AMvi_027-Ex1-2C-lcwgs-1-1.clmp.r1	2.0751911637301106	38.0	103.47316445248015	0.0	203536.0
Tzo-AMvi_027-Ex1-2C-lcwgs-1-1.clmp.r2	1.4378759114746913	38.0	103.5031640594293	0.0	203536.0
Tzo-AMvi_028-Ex1-2G-lcwgs-1-1.clmp.r1	2.522443240842051	38.0	97.48072478068693	0.0	147962.0
Tzo-AMvi_028-Ex1-2G-lcwgs-1-1.clmp.r2	1.615828856020613	38.0	97.52717589651397	0.0	147962.0
Tzo-AMvi_029-Ex1-3C-lcwgs-1-1.clmp.r1	1.5771392879450445	37.0	96.37523422860713	9.090909090909092	12808.0
Tzo-AMvi_029-Ex1-3C-lcwgs-1-1.clmp.r2	0.7807620237351642	37.0	96.43589943785135	9.090909090909092	12808.0
Tzo-AMvi_030-Ex1-3G-lcwgs-1-1.clmp.r1	2.460456477421971	37.0	106.46571745835904	0.0	202625.0
Tzo-AMvi_030-Ex1-3G-lcwgs-1-1.clmp.r2	1.5391265503234308	37.0	106.48399753238742	0.0	202625.0
Tzo-AMvi_031-Ex1-4C-lcwgs-1-1.clmp.r1	1.7003960324092589	37.0	97.55691603386259	9.090909090909092	27523.0
Tzo-AMvi_031-Ex1-4C-lcwgs-1-1.clmp.r2	0.9955310104276407	37.0	97.59383061439523	9.090909090909092	27523.0
Tzo-AMvi_032-Ex1-4G-lcwgs-1-1.clmp.r1	2.413923049294908	40.0	98.07767780996213	0.0	130153.0
Tzo-AMvi_032-Ex1-4G-lcwgs-1-1.clmp.r2	1.4778101113281537	40.0	98.12802624603351	0.0	130153.0
Tzo-AMvi_033-Ex1-5C-lcwgs-1-1.clmp.r1	3.651103241097317	39.0	114.09509562987499	0.0	112308.0
Tzo-AMvi_033-Ex1-5C-lcwgs-1-1.clmp.r2	2.3383728188514965	39.0	114.04669302275884	0.0	112308.0
Tzo-AMvi_034-Ex1-5G-lcwgs-1-1.clmp.r1	2.079019440022435	37.0	100.87372326461077	0.0	386239.0
Tzo-AMvi_034-Ex1-5G-lcwgs-1-1.clmp.r2	1.4367928038926294	37.0	100.93006143864291	0.0	386239.0
Tzo-AMvi_035-Ex1-6C-lcwgs-1-1.clmp.r1	2.203463122074112	39.0	104.55109139107711	0.0	53189.0
Tzo-AMvi_035-Ex1-6C-lcwgs-1-1.clmp.r2	1.3480230874804988	39.0	104.55731448231778	9.090909090909092	53189.0
Tzo-AMvi_036-Ex1-6G-lcwgs-1-1.clmp.r1	2.9090432003053337	41.0	107.66386775124639	0.0	83842.0
Tzo-AMvi_036-Ex1-6G-lcwgs-1-1.clmp.r2	1.7986212160969473	41.0	107.66205481739462	0.0	83842.0
Tzo-AMvi_037-Ex1-1D-lcwgs-1-1.clmp.r1	1.2529097631110488	38.0	92.61591126934137	9.090909090909092	14606.0
Tzo-AMvi_037-Ex1-1D-lcwgs-1-1.clmp.r2	0.6641106394632317	38.0	92.6724633712173	9.090909090909092	14606.0
Tzo-AMvi_038-Ex1-1H-lcwgs-1-1.clmp.r1	2.3389612438855636	38.0	101.84427154769563	0.0	82387.0
Tzo-AMvi_038-Ex1-1H-lcwgs-1-1.clmp.r2	1.3909961523055756	38.0	101.87203078155534	0.0	82387.0
Tzo-AMvi_039-Ex1-2D-lcwgs-1-1.clmp.r1	1.570562314037133	38.0	100.74844638620014	9.090909090909092	26551.0
Tzo-AMvi_039-Ex1-2D-lcwgs-1-1.clmp.r2	0.9340514481563815	39.0	100.72494444653685	9.090909090909092	26551.0
Tzo-AMvi_040-Ex1-2H-lcwgs-1-1.clmp.r1	1.6595698220329638	38.0	96.44808385194891	9.090909090909092	36636.0
Tzo-AMvi_040-Ex1-2H-lcwgs-1-1.clmp.r2	0.9335080248935412	38.0	96.45941150780654	9.090909090909092	36636.0
Tzo-AMvi_041-Ex1-3D-lcwgs-1-1.clmp.r1	0.37453183520599964	39.0	96.89544319600499	9.090909090909092	3204.0
Tzo-AMvi_041-Ex1-3D-lcwgs-1-1.clmp.r2	0.12484394506866181	39.0	96.87265917602996	9.090909090909092	3204.0
Tzo-AMvi_042-Ex1-3H-lcwgs-1-1.clmp.r1	3.130461662842265	41.0	104.51251352411751	0.0	84109.0
Tzo-AMvi_042-Ex1-3H-lcwgs-1-1.clmp.r2	2.0532879953393746	41.0	104.5022292501397	0.0	84109.0
Tzo-AMvi_043-Ex1-4D-lcwgs-1-1.clmp.r1	1.8619554862734873	37.0	100.46379146098553	9.090909090909092	57735.0
Tzo-AMvi_043-Ex1-4D-lcwgs-1-1.clmp.r2	1.2245604919026647	37.0	100.4901359660518	9.090909090909092	57735.0
Tzo-AMvi_044-Ex1-4H-lcwgs-1-1.clmp.r1	1.8155863853325513	37.0	101.97434982379444	9.090909090909092	22417.0
Tzo-AMvi_044-Ex1-4H-lcwgs-1-1.clmp.r2	1.1776776553508483	37.0	101.98197796315297	9.090909090909092	22417.0
Tzo-AMvi_045-Ex1-5D-lcwgs-1-1.clmp.r1	2.150249569950091	38.0	101.58358478328304	0.0	70922.0
Tzo-AMvi_045-Ex1-5D-lcwgs-1-1.clmp.r2	1.2478497504300492	38.0	101.61715687656863	0.0	70922.0
Tzo-AMvi_046-Ex1-5H-lcwgs-1-1.clmp.r1	2.2791965681754363	39.0	103.0466263079822	0.0	49886.0
Tzo-AMvi_046-Ex1-5H-lcwgs-1-1.clmp.r2	1.3089844846249434	40.0	103.0458846169266	0.0	49886.0
Tzo-AMvi_047-Ex1-6D-lcwgs-1-1.clmp.r1	2.0707472418299915	38.0	103.19333153332856	0.0	362962.0
Tzo-AMvi_047-Ex1-6D-lcwgs-1-1.clmp.r2	1.4829693787823715	38.0	103.21112402951273	0.0	362962.0
Tzo-AMvi_048-Ex1-6H-lcwgs-1-1.clmp.r1	3.4947794036069695	41.0	103.3381738390799	0.0	81121.0
Tzo-AMvi_048-Ex1-6H-lcwgs-1-1.clmp.r2	2.358205643421556	41.0	103.34648241515761	0.0	81121.0
Tzo-CMal_001-Ex1-3F-lcwgs-1-1.clmp.r1	3.588246165548341	41.0	124.37477522988195	0.0	332562.0
Tzo-CMal_001-Ex1-3F-lcwgs-1-1.clmp.r2	2.4206905223699664	41.0	124.13438396449384	0.0	332562.0
Tzo-CMal_002-Ex1-3G-lcwgs-1-1.clmp.r1	7.069891475672662	41.0	135.18018260439678	0.0	159799.0
Tzo-CMal_002-Ex1-3G-lcwgs-1-1.clmp.r2	4.51153053048148	41.0	134.77797107616442	0.0	159799.0
Tzo-CMal_003-Ex1-3H-lcwgs-1-1.clmp.r1	7.9995659394977565	40.0	138.0669930474102	0.0	176481.0
Tzo-CMal_003-Ex1-3H-lcwgs-1-1.clmp.r2	5.229908601258501	40.0	137.6114879222126	0.0	176481.0
Tzo-CMal_004-Ex1-4A-lcwgs-1-1.clmp.r1	5.430887690796283	40.0	140.29342961049912	0.0	474325.0
Tzo-CMal_004-Ex1-4A-lcwgs-1-1.clmp.r2	4.032490577740873	40.0	139.80958625415064	0.0	474325.0
Tzo-CMal_005-Ex1-4B-lcwgs-1-1.clmp.r1	3.5261747210259955	40.0	126.46772547328143	0.0	234163.0
Tzo-CMal_005-Ex1-4B-lcwgs-1-1.clmp.r2	2.3591814692257174	41.0	126.18528973407413	0.0	234163.0
Tzo-CMal_006-Ex1-4C-lcwgs-1-1.clmp.r1	4.2753869890897676	41.0	130.37064368513586	0.0	481198.0
Tzo-CMal_006-Ex1-4C-lcwgs-1-1.clmp.r2	3.2792177039883654	41.0	130.0364735514279	0.0	481198.0
Tzo-CMal_007-Ex1-4D-lcwgs-1-1.clmp.r1	3.9571258605353705	41.0	128.2663097150607	0.0	439462.0
Tzo-CMal_007-Ex1-4D-lcwgs-1-1.clmp.r2	3.045122187109726	41.0	127.94935170731485	0.0	439462.0
Tzo-CMal_008-Ex1-4E-lcwgs-1-1.clmp.r1	3.8057296972116035	41.0	130.3639789968753	0.0	279387.0
Tzo-CMal_008-Ex1-4E-lcwgs-1-1.clmp.r2	2.5696196579228143	41.0	130.0184045785953	0.0	279387.0
Tzo-CMal_009-Ex1-4F-lcwgs-1-1.clmp.r1	3.6923389860871083	41.0	127.61642305345741	0.0	232746.0
Tzo-CMal_009-Ex1-4F-lcwgs-1-1.clmp.r2	2.550292459858227	41.0	127.3054574514707	0.0	232746.0
Tzo-CMal_010-Ex1-4G-lcwgs-1-1.clmp.r1	4.38558715261162	40.0	134.9533858576755	0.0	275174.0
Tzo-CMal_010-Ex1-4G-lcwgs-1-1.clmp.r2	2.944576053002976	40.0	134.547293712342	0.0	275174.0
Tzo-CMal_011-Ex1-4H-lcwgs-1-1.clmp.r1	4.467946717607859	40.0	135.3228359828294	0.0	211990.0
Tzo-CMal_011-Ex1-4H-lcwgs-1-1.clmp.r2	3.010377328105349	41.0	134.91226001226474	0.0	211990.0
Tzo-CMal_012-Ex1-5A-lcwgs-1-1.clmp.r1	5.906061282706247	41.0	137.84039963769615	0.0	1087485.0
Tzo-CMal_012-Ex1-5A-lcwgs-1-1.clmp.r2	5.0319468212441905	41.0	137.40544007503553	0.0	1087485.0
Tzo-CMal_013-Ex1-5B-lcwgs-1-1.clmp.r1	4.451341582318804	40.0	130.6052157258285	0.0	549262.0
Tzo-CMal_013-Ex1-5B-lcwgs-1-1.clmp.r2	3.427540321906534	41.0	130.25743270060553	0.0	549262.0
Tzo-CMal_014-Ex1-5C-lcwgs-1-1.clmp.r1	4.662541768163948	40.0	131.54805439915086	0.0	569053.0
Tzo-CMal_014-Ex1-5C-lcwgs-1-1.clmp.r2	3.5867673584751856	40.0	131.1903689111559	0.0	569053.0
Tzo-CMal_015-Ex1-5D-lcwgs-1-1.clmp.r1	3.917638861623246	41.0	128.62603681767683	0.0	293446.0
Tzo-CMal_015-Ex1-5D-lcwgs-1-1.clmp.r2	2.7247643021777037	41.0	128.30190903948255	0.0	293446.0
Tzo-CMal_016-Ex1-5E-lcwgs-1-1.clmp.r1	6.052728734452444	41.0	124.27122124199033	0.0	185557.0
Tzo-CMal_016-Ex1-5E-lcwgs-1-1.clmp.r2	4.077330337565911	41.0	123.99759642589609	0.0	185557.0
Tzo-CMal_017-Ex1-5F-lcwgs-1-1.clmp.r1	3.742458535943925	41.0	124.59645046280717	0.0	469526.0
Tzo-CMal_017-Ex1-5F-lcwgs-1-1.clmp.r2	2.7209584042982726	41.0	124.31593138612132	0.0	469526.0
Tzo-CMal_018-Ex1-5G-lcwgs-1-1.clmp.r1	3.2476865861058	41.0	120.52715832838095	0.0	346634.0
Tzo-CMal_018-Ex1-5G-lcwgs-1-1.clmp.r2	2.337382688436122	41.0	120.31496910285777	0.0	346634.0
Tzo-CMal_019-Ex1-5H-lcwgs-1-1.clmp.r1	6.871145453234988	40.0	134.25765972556877	0.0	157708.0
Tzo-CMal_019-Ex1-5H-lcwgs-1-1.clmp.r2	4.4427826334932945	41.0	133.83430770791588	0.0	157708.0
Tzo-CMal_020-Ex1-6A-lcwgs-1-1.clmp.r1	4.988730439205298	41.0	133.60551096256492	0.0	838946.0
Tzo-CMal_020-Ex1-6A-lcwgs-1-1.clmp.r2	4.083410278361313	41.0	133.22963814119146	0.0	838946.0
Tzo-CMal_021-Ex1-6B-lcwgs-1-1.clmp.r1	4.087722888568791	41.0	125.41666827556115	0.0	517954.0
Tzo-CMal_021-Ex1-6B-lcwgs-1-1.clmp.r2	3.19421530022791	41.0	125.1421226595412	0.0	517954.0
Tzo-CMal_022-Ex1-6C-lcwgs-1-1.clmp.r1	4.855845233456364	41.0	133.881074422975	0.0	664096.0
Tzo-CMal_022-Ex1-6C-lcwgs-1-1.clmp.r2	3.722137072841136	41.0	133.49296637835494	0.0	664096.0
Tzo-CMal_023-Ex1-6D-lcwgs-1-1.clmp.r1	3.8127253031061485	41.0	123.90893098607319	0.0	464428.0
Tzo-CMal_023-Ex1-6D-lcwgs-1-1.clmp.r2	2.9732228133817955	41.0	123.65622443091287	0.0	464428.0
Tzo-CMal_024-Ex1-6E-lcwgs-1-1.clmp.r1	0.34055186866922327	41.0	97.97895564093608	9.090909090909092	11452.0
Tzo-CMal_024-Ex1-6E-lcwgs-1-1.clmp.r2	0.20957038071952638	41.0	97.93992315752708	9.090909090909092	11452.0
Tzo-CMal_025-Ex1-6F-lcwgs-1-1.clmp.r1	3.395277403794168	41.0	120.19418707186016	0.0	230211.0
Tzo-CMal_025-Ex1-6F-lcwgs-1-1.clmp.r2	2.297506554076307	41.0	119.97614796860272	0.0	230211.0
Tzo-CMal_026-Ex1-6G-lcwgs-1-1.clmp.r1	3.4987023263363994	41.0	124.11011570103685	0.0	297923.0
Tzo-CMal_026-Ex1-6G-lcwgs-1-1.clmp.r2	2.529064942290205	41.0	123.84431883406116	0.0	297923.0
Tzo-CMal_027-Ex1-6H-lcwgs-1-1.clmp.r1	5.0816185034188095	41.0	126.20118343195266	0.0	128778.0
Tzo-CMal_027-Ex1-6H-lcwgs-1-1.clmp.r2	3.373228858707236	41.0	125.89113047259625	0.0	128778.0
Tzo-CMal_028-Ex1-7A-lcwgs-1-1.clmp.r1	4.300813738716386	41.0	132.62165300546448	0.0	453840.0
Tzo-CMal_028-Ex1-7A-lcwgs-1-1.clmp.r2	3.137232115522025	41.0	132.2506786532699	0.0	453840.0
Tzo-CMal_029-Ex1-7B-lcwgs-1-1.clmp.r1	3.3185416128873158	41.0	119.49867220818196	0.0	405184.0
Tzo-CMal_029-Ex1-7B-lcwgs-1-1.clmp.r2	2.485075516684404	41.0	119.27014640262202	0.0	405184.0
Tzo-CMal_030-Ex1-7C-lcwgs-1-1.clmp.r1	4.105248797469315	40.0	130.4301470412775	0.0	419066.0
Tzo-CMal_030-Ex1-7C-lcwgs-1-1.clmp.r2	3.0868112403932173	40.0	130.0968129125245	0.0	419066.0
Tzo-CMal_031-Ex1-7D-lcwgs-1-1.clmp.r1	3.5315521687436586	41.0	122.75871490079962	0.0	279636.0
Tzo-CMal_031-Ex1-7D-lcwgs-1-1.clmp.r2	2.5520364671884295	41.0	122.50432705374129	0.0	279636.0
Tzo-CMal_032-Ex1-7E-lcwgs-1-1.clmp.r1	3.3262144617582976	41.0	119.07700735509958	0.0	241873.0
Tzo-CMal_032-Ex1-7E-lcwgs-1-1.clmp.r2	2.370571796677666	41.0	118.87886618183923	0.0	241873.0
Tzo-CMal_033-Ex1-7F-lcwgs-1-1.clmp.r1	2.6375837208296815	41.0	114.31683065922051	0.0	203058.0
Tzo-CMal_033-Ex1-7F-lcwgs-1-1.clmp.r2	1.8151753433994884	41.0	114.16188478168799	0.0	203058.0
Tzo-CMal_034-Ex1-7G-lcwgs-1-1.clmp.r1	2.8700904353196535	41.0	116.36653138877337	0.0	209199.0
Tzo-CMal_034-Ex1-7G-lcwgs-1-1.clmp.r2	2.0192276672015055	41.0	116.17988613712302	0.0	209199.0
Tzo-CMal_035-Ex1-7H-lcwgs-1-1.clmp.r1	3.8949516866110088	41.0	128.7700891045721	0.0	246452.0
Tzo-CMal_035-Ex1-7H-lcwgs-1-1.clmp.r2	2.7350786694671285	41.0	128.42356726664826	0.0	246452.0
Tzo-CMal_036-Ex1-8A-lcwgs-1-1.clmp.r1	4.154638237937974	41.0	130.9759614583715	0.0	300143.0
Tzo-CMal_036-Ex1-8A-lcwgs-1-1.clmp.r2	2.870597388624887	41.0	130.63694972063317	0.0	300143.0
Tzo-CMal_037-Ex1-8B-lcwgs-1-1.clmp.r1	3.5062455722816566	41.0	121.44321408033206	0.0	551237.0
Tzo-CMal_037-Ex1-8B-lcwgs-1-1.clmp.r2	2.6393392124954573	41.0	121.21904008620612	0.0	551237.0
Tzo-CMal_038-Ex1-8C-lcwgs-1-1.clmp.r1	4.965878249305291	41.0	119.80667319256048	0.0	178775.0
Tzo-CMal_038-Ex1-8C-lcwgs-1-1.clmp.r2	3.4176096696072733	41.0	119.59499930079708	0.0	178775.0
Tzo-CMal_039-Ex1-8D-lcwgs-1-1.clmp.r1	0.3966183070660634	40.0	94.12931844275128	9.090909090909092	9581.0
Tzo-CMal_039-Ex1-8D-lcwgs-1-1.clmp.r2	0.20874647740319574	40.0	94.0780711825488	9.090909090909092	9581.0
Tzo-CMal_040-Ex1-8E-lcwgs-1-1.clmp.r1	3.5239551081098313	41.0	124.49663052157884	0.0	267994.0
Tzo-CMal_040-Ex1-8E-lcwgs-1-1.clmp.r2	2.3996702827398053	41.0	124.22934468682135	0.0	267994.0
Tzo-CMal_041-Ex1-8F-lcwgs-1-1.clmp.r1	0.13399437223637278	40.0	91.8264772879539	9.090909090909092	7463.0
Tzo-CMal_041-Ex1-8F-lcwgs-1-1.clmp.r2	0.05359774889454627	40.0	91.82567332172049	9.090909090909092	7463.0
Tzo-CMal_042-Ex1-8G-lcwgs-1-1.clmp.r1	3.1829075664936255	41.0	121.83130322776785	0.0	249987.0
Tzo-CMal_042-Ex1-8G-lcwgs-1-1.clmp.r2	2.207314589691535	41.0	121.58313832319281	0.0	249987.0
Tzo-CMal_043-Ex1-8H-lcwgs-1-1.clmp.r1	4.504573170731703	40.0	133.92360264227642	0.0	39360.0
Tzo-CMal_043-Ex1-8H-lcwgs-1-1.clmp.r2	2.586382113821145	41.0	133.48833841463414	0.0	39360.0
Tzo-CMal_044-Ex1-9A-lcwgs-1-1.clmp.r1	4.647782109890798	40.0	135.0856070784163	0.0	564194.0
Tzo-CMal_044-Ex1-9A-lcwgs-1-1.clmp.r2	3.263094678813843	40.0	134.67816389397973	0.0	564194.0
Tzo-CMal_045-Ex1-9B-lcwgs-1-1.clmp.r1	4.870344405228124	40.0	133.60689132782156	0.0	62049.0
Tzo-CMal_045-Ex1-9B-lcwgs-1-1.clmp.r2	2.859030766007507	40.0	133.206755950942	0.0	62049.0
Tzo-CMal_046-Ex1-9C-lcwgs-1-1.clmp.r1	4.73949011145632	40.0	133.52109190476503	0.0	611372.0
Tzo-CMal_046-Ex1-9C-lcwgs-1-1.clmp.r2	3.6291185975462668	41.0	133.1286843362143	0.0	611372.0
Tzo-CMal_047-Ex1-9D-lcwgs-1-1.clmp.r1	5.596483599910883	41.0	122.95583007372142	0.0	190718.0
Tzo-CMal_047-Ex1-9D-lcwgs-1-1.clmp.r2	3.7537904851435258	41.0	122.70479451336529	0.0	190718.0
Tzo-CMal_048-Ex1-9E-lcwgs-1-1.clmp.r1	0.13783597518953172	40.0	99.58270158511371	18.181818181818183	2902.0
Tzo-CMal_048-Ex1-9E-lcwgs-1-1.clmp.r2	0.034458993797386483	40.0	99.4197105444521	9.090909090909092	2902.0
Tzo-CMal_049-Ex1-9F-lcwgs-1-1.clmp.r1	4.054816606207183	41.0	123.02186618299073	0.0	49620.0
Tzo-CMal_049-Ex1-9F-lcwgs-1-1.clmp.r2	2.291414752116083	41.0	122.77579604997985	0.0	49620.0
Tzo-CMal_050-Ex1-9G-lcwgs-1-1.clmp.r1	2.4830197082730194	41.0	114.32613294733326	9.090909090909092	8981.0
Tzo-CMal_050-Ex1-9G-lcwgs-1-1.clmp.r2	1.4697695134172193	41.0	114.09653713394945	9.090909090909092	8981.0
Tzo-CMal_051-Ex1-9H-lcwgs-1-1.clmp.r1	5.034205601742485	41.0	132.82378746510415	0.0	32597.0
Tzo-CMal_051-Ex1-9H-lcwgs-1-1.clmp.r2	2.941988526551526	41.0	132.42528453538668	0.0	32597.0
Tzo-CMal_052-Ex1-10A-lcwgs-1-1.clmp.r1	4.527770300607003	40.0	137.90242267518195	0.0	325219.0
Tzo-CMal_052-Ex1-10A-lcwgs-1-1.clmp.r2	2.863626172655046	41.0	137.3943219799581	0.0	325219.0
Tzo-CMal_053-Ex1-10B-lcwgs-1-1.clmp.r1	6.250787860134764	41.0	133.22386510540971	0.0	160896.0
Tzo-CMal_053-Ex1-10B-lcwgs-1-1.clmp.r2	3.859067439502681	41.0	132.79488613762928	0.0	160896.0
Tzo-CMal_054-Ex1-10C-lcwgs-1-1.clmp.r1	4.898247249179121	40.0	131.30827241755696	0.0	120932.0
Tzo-CMal_054-Ex1-10C-lcwgs-1-1.clmp.r2	2.7872744884942335	41.0	130.8909883240168	0.0	120932.0
Tzo-CMal_055-Ex1-10D-lcwgs-1-1.clmp.r1	4.190743122612346	41.0	131.04050603751128	0.0	52091.0
Tzo-CMal_055-Ex1-10D-lcwgs-1-1.clmp.r2	2.3266975101265075	41.0	130.62269873874567	0.0	52091.0
Tzo-CMal_056-Ex1-10E-lcwgs-1-1.clmp.r1	3.931065102756719	41.0	132.53706564960584	0.0	215523.0
Tzo-CMal_056-Ex1-10E-lcwgs-1-1.clmp.r2	2.4421033193265345	41.0	132.10783999851523	0.0	215523.0
Tzo-CMal_057-Ex1-10F-lcwgs-1-1.clmp.r1	4.971215793322429	41.0	131.5392675515249	0.0	127026.0
Tzo-CMal_057-Ex1-10F-lcwgs-1-1.clmp.r2	2.8731884426585452	41.0	131.11338623588873	0.0	127026.0
Tzo-CMal_058-Ex1-10G-lcwgs-1-1.clmp.r1	4.269369750499749	41.0	131.19311847232078	0.0	401655.0
Tzo-CMal_058-Ex1-10G-lcwgs-1-1.clmp.r2	3.075605738821025	41.0	130.78408335511818	0.0	401655.0
Tzo-CMal_059-Ex1-10H-lcwgs-1-1.clmp.r1	2.9484029484029577	40.0	127.20406770406771	9.090909090909092	7326.0
Tzo-CMal_059-Ex1-10H-lcwgs-1-1.clmp.r2	1.6789516789516767	41.0	126.82145782145783	9.090909090909092	7326.0
Tzo-CMal_060-Ex1-11A-lcwgs-1-1.clmp.r1	4.167833836144837	41.0	132.0453240171617	0.0	205807.0
Tzo-CMal_060-Ex1-11A-lcwgs-1-1.clmp.r2	2.762847185049054	41.0	131.68896101687503	0.0	205807.0
Tzo-CMal_061-Ex1-11B-lcwgs-1-1.clmp.r1	5.765232377981135	40.0	138.46768313671495	0.0	127828.0
Tzo-CMal_061-Ex1-11B-lcwgs-1-1.clmp.r2	3.587621842650023	40.0	138.0169994054511	0.0	127828.0
Tzo-CMal_062-Ex1-11C-lcwgs-1-1.clmp.r1	5.228432553492851	41.0	124.60735111052873	0.0	167893.0
Tzo-CMal_062-Ex1-11C-lcwgs-1-1.clmp.r2	3.4859679862920387	41.0	124.36376144330019	0.0	167893.0
Tzo-CMal_063-Ex1-11D-lcwgs-1-1.clmp.r1	4.835518524466593	40.0	129.6050032217716	0.0	131915.0
Tzo-CMal_063-Ex1-11D-lcwgs-1-1.clmp.r2	3.0836516164407755	40.0	129.27398703710722	0.0	131915.0
Tzo-CMal_064-Ex1-11E-lcwgs-1-1.clmp.r1	4.230252233731321	41.0	133.99873487783665	9.090909090909092	12647.0
Tzo-CMal_064-Ex1-11E-lcwgs-1-1.clmp.r2	2.5302443267178063	41.0	133.58543528109433	9.090909090909092	12647.0
Tzo-CMta_001-Ex1-9A-lcwgs-1-1.clmp.r1	5.099372750373902	42.0	115.78547955209348	0.0	180752.0
Tzo-CMta_001-Ex1-9A-lcwgs-1-1.clmp.r2	3.2805554384861324	42.0	115.63040519606976	0.0	180752.0
Tzo-CMta_002-Ex1-9B-lcwgs-1-1.clmp.r1	3.123469992414414	41.0	116.97031505538926	0.0	421291.0
Tzo-CMta_002-Ex1-9B-lcwgs-1-1.clmp.r2	2.2446950869067166	41.0	116.79050347621953	0.0	421291.0
Tzo-CMta_003-Ex1-9C-lcwgs-1-1.clmp.r1	0.0	39.0	92.1518771331058	0.0	1172.0
Tzo-CMta_003-Ex1-9C-lcwgs-1-1.clmp.r2	0.0	39.0	92.02047781569966	0.0	1172.0
Tzo-CMta_004-Ex1-9D-lcwgs-1-1.clmp.r1	0.2058672156459096	40.0	96.61451363870303	9.090909090909092	1943.0
Tzo-CMta_004-Ex1-9D-lcwgs-1-1.clmp.r2	0.10293360782294769	40.0	96.623262995368	9.090909090909092	1943.0
Tzo-CMta_005-Ex1-9E-lcwgs-1-1.clmp.r1	2.6032959159302607	41.0	111.27537616431813	9.090909090909092	8374.0
Tzo-CMta_005-Ex1-9E-lcwgs-1-1.clmp.r2	1.4568903749701434	41.0	111.07845712920945	9.090909090909092	8374.0
Tzo-CMta_006-Ex1-9F-lcwgs-1-1.clmp.r1	3.424915318027857	42.0	121.5331200602183	9.090909090909092	5314.0
Tzo-CMta_006-Ex1-9F-lcwgs-1-1.clmp.r2	2.0135491155438388	42.0	121.23240496800904	9.090909090909092	5314.0
Tzo-CMta_007-Ex1-9G-lcwgs-1-1.clmp.r1	0.0	39.0	87.30862140774677	9.090909090909092	2401.0
Tzo-CMta_007-Ex1-9G-lcwgs-1-1.clmp.r2	0.0	39.0	87.68721366097459	9.090909090909092	2401.0
Tzo-CMta_008-Ex1-9H-lcwgs-1-1.clmp.r1	0.07949125596184103	39.0	93.67726550079492	9.090909090909092	1258.0
Tzo-CMta_008-Ex1-9H-lcwgs-1-1.clmp.r2	0.07949125596184103	39.0	93.63831478537361	9.090909090909092	1258.0
Tzo-CMta_009-Ex1-10A-lcwgs-1-1.clmp.r1	3.6728275129310077	41.0	124.58515997496566	0.0	682263.0
Tzo-CMta_009-Ex1-10A-lcwgs-1-1.clmp.r2	2.559355863551673	41.0	124.28750203367323	0.0	682263.0
Tzo-CMta_010-Ex1-10B-lcwgs-1-1.clmp.r1	2.574673304293711	41.0	114.90572495332918	9.090909090909092	12856.0
Tzo-CMta_010-Ex1-10B-lcwgs-1-1.clmp.r2	1.3378967019290684	41.0	114.67524891101431	9.090909090909092	12856.0
Tzo-CMta_011-Ex1-10C-lcwgs-1-1.clmp.r1	0.883392226148402	40.0	120.46819787985866	18.181818181818183	566.0
Tzo-CMta_011-Ex1-10C-lcwgs-1-1.clmp.r2	0.7067137809187329	40.0	120.0565371024735	9.090909090909092	566.0
Tzo-CMta_012-Ex1-10D-lcwgs-1-1.clmp.r1	4.001457549373882	41.0	130.74035843521307	0.0	654121.0
Tzo-CMta_012-Ex1-10D-lcwgs-1-1.clmp.r2	2.9120346931552774	41.0	130.33335575528076	0.0	654121.0
Tzo-CMta_013-Ex1-10E-lcwgs-1-1.clmp.r1	0.3012048192771175	39.0	119.02710843373494	9.090909090909092	332.0
Tzo-CMta_013-Ex1-10E-lcwgs-1-1.clmp.r2	0.0	39.0	118.70481927710843	9.090909090909092	332.0
Tzo-CMta_014-Ex1-10F-lcwgs-1-1.clmp.r1	3.2235821410101693	41.0	125.21599724185485	9.090909090909092	11602.0
Tzo-CMta_014-Ex1-10F-lcwgs-1-1.clmp.r2	1.5514566454059633	42.0	124.81727288398552	9.090909090909092	11602.0
Tzo-CMta_015-Ex1-10G-lcwgs-1-1.clmp.r1	0.0	40.0	116.9375	9.090909090909092	608.0
Tzo-CMta_015-Ex1-10G-lcwgs-1-1.clmp.r2	0.0	40.0	116.47697368421052	9.090909090909092	608.0
Tzo-CMta_016-Ex1-10H-lcwgs-1-1.clmp.r1	4.682019216104933	40.0	129.00084507303845	9.090909090909092	107683.0
Tzo-CMta_016-Ex1-10H-lcwgs-1-1.clmp.r2	2.8210085475117666	40.0	128.6529628632189	9.090909090909092	107683.0
Tzo-CMta_017-Ex1-11A-lcwgs-1-1.clmp.r1	3.3952565254497244	41.0	123.3648683513708	0.0	515501.0
Tzo-CMta_017-Ex1-11A-lcwgs-1-1.clmp.r2	2.4657920014817734	41.0	123.12975920512278	0.0	515501.0
Tzo-CMta_018-Ex1-11B-lcwgs-1-1.clmp.r1	0.0	39.0	122.72945891783567	9.090909090909092	499.0
Tzo-CMta_018-Ex1-11B-lcwgs-1-1.clmp.r2	0.0	40.0	122.30861723446894	18.181818181818183	499.0
Tzo-CMta_019-Ex1-11C-lcwgs-1-1.clmp.r1	2.0447284345047905	41.0	114.244089456869	0.0	1565.0
Tzo-CMta_019-Ex1-11C-lcwgs-1-1.clmp.r2	1.2140575079872207	41.0	114.10798722044728	9.090909090909092	1565.0
Tzo-CMta_020-Ex1-11D-lcwgs-1-1.clmp.r1	3.287737436813458	41.0	124.24049811350262	0.0	255765.0
Tzo-CMta_020-Ex1-11D-lcwgs-1-1.clmp.r2	2.276209334534869	41.0	123.96187906867632	0.0	255765.0
Tzo-CMta_021-Ex1-11E-lcwgs-1-1.clmp.r1	2.930352058884793	42.0	117.32518575098952	0.0	28802.0
Tzo-CMta_021-Ex1-11E-lcwgs-1-1.clmp.r2	1.6630789528504977	42.0	117.11912367196723	0.0	28802.0
Tzo-CMta_022-Ex1-11F-lcwgs-1-1.clmp.r1	3.424735280286697	42.0	120.35361364705119	0.0	61669.0
Tzo-CMta_022-Ex1-11F-lcwgs-1-1.clmp.r2	1.9183057938348327	42.0	120.12880053187176	0.0	61669.0
Tzo-CMta_023-Ex1-11G-lcwgs-1-1.clmp.r1	0.0	39.0	115.38133874239351	18.181818181818183	493.0
Tzo-CMta_023-Ex1-11G-lcwgs-1-1.clmp.r2	0.0	39.0	115.21095334685599	18.181818181818183	493.0
Tzo-CMta_024-Ex1-11H-lcwgs-1-1.clmp.r1	3.3231003346031542	41.0	124.08814794076135	0.0	346463.0
Tzo-CMta_024-Ex1-11H-lcwgs-1-1.clmp.r2	2.394259288406346	41.0	123.82622675437204	0.0	346463.0
Tzo-CMta_025-Ex1-12A-lcwgs-1-1.clmp.r1	2.8987332913429924	41.0	116.12045629505214	0.0	71445.0
Tzo-CMta_025-Ex1-12A-lcwgs-1-1.clmp.r2	1.7831898663307442	41.0	115.94525859052418	0.0	71445.0
Tzo-CMta_026-Ex1-12B-lcwgs-1-1.clmp.r1	2.0390530499395254	41.0	106.82166925868326	9.090909090909092	5787.0
Tzo-CMta_026-Ex1-12B-lcwgs-1-1.clmp.r2	1.105927077933302	42.0	106.65526179367548	9.090909090909092	5787.0
Tzo-CMta_027-Ex1-12C-lcwgs-1-1.clmp.r1	5.251339762619551	41.0	121.36186480091175	0.0	195667.0
Tzo-CMta_027-Ex1-12C-lcwgs-1-1.clmp.r2	3.686304641007382	41.0	121.14090265604318	0.0	195667.0
Tzo-CMta_028-Ex1-12D-lcwgs-1-1.clmp.r1	2.071346375143847	41.0	119.487917146145	9.090909090909092	869.0
Tzo-CMta_028-Ex1-12D-lcwgs-1-1.clmp.r2	1.6110471806674411	41.0	119.14729574223244	18.181818181818183	869.0
Tzo-CMta_029-Ex1-12E-lcwgs-1-1.clmp.r1	2.9392868615483394	41.0	118.72226148409894	0.0	31130.0
Tzo-CMta_029-Ex1-12E-lcwgs-1-1.clmp.r2	1.7860584645036965	41.0	118.51403790555734	0.0	31130.0
Tzo-CMta_030-Ex1-12F-lcwgs-1-1.clmp.r1	2.5135732957973005	42.0	115.42137542730747	9.090909090909092	9946.0
Tzo-CMta_030-Ex1-12F-lcwgs-1-1.clmp.r2	1.3573295797305462	42.0	115.24633018298813	9.090909090909092	9946.0
Tzo-CMta_031-Ex1-12G-lcwgs-1-1.clmp.r1	2.5323861262014304	42.0	115.0016715419975	9.090909090909092	11965.0
Tzo-CMta_031-Ex1-12G-lcwgs-1-1.clmp.r2	1.3957375679063944	42.0	114.85725031341413	9.090909090909092	11965.0
Tzo-CMta_032-Ex1-12H-lcwgs-1-1.clmp.r1	2.5188916876574297	41.0	113.8408900083963	0.0	28584.0
Tzo-CMta_032-Ex1-12H-lcwgs-1-1.clmp.r2	1.535824237335575	41.0	113.68184998600616	0.0	28584.0
Tzo-CMta_033-Ex1-1A-lcwgs-1-1.clmp.r1	3.488304093567251	41.0	121.95093567251462	0.0	34200.0
Tzo-CMta_033-Ex1-1A-lcwgs-1-1.clmp.r2	1.9707602339181278	41.0	121.7238888888889	0.0	34200.0
Tzo-CMta_034-Ex1-1B-lcwgs-1-1.clmp.r1	3.3712814589308664	41.0	118.0518319841029	0.0	102157.0
Tzo-CMta_034-Ex1-1B-lcwgs-1-1.clmp.r2	2.0750301119282426	41.0	117.86856505183198	0.0	102157.0
Tzo-CMta_035-Ex1-1C-lcwgs-1-1.clmp.r1	2.824706041356933	41.0	120.67887552371943	9.090909090909092	7399.0
Tzo-CMta_035-Ex1-1C-lcwgs-1-1.clmp.r2	1.7164481686714481	41.0	120.48493039599946	9.090909090909092	7399.0
Tzo-CMta_036-Ex1-1D-lcwgs-1-1.clmp.r1	4.386173146102294	41.0	129.70856235049212	0.0	54763.0
Tzo-CMta_036-Ex1-1D-lcwgs-1-1.clmp.r2	2.4943848949107945	41.0	129.40373975129194	0.0	54763.0
Tzo-CMta_037-Ex1-1E-lcwgs-1-1.clmp.r1	0.08539709649872407	40.0	106.9618559635639	9.090909090909092	3513.0
Tzo-CMta_037-Ex1-1E-lcwgs-1-1.clmp.r2	0.05693139766582078	40.0	106.85681753487049	9.090909090909092	3513.0
Tzo-CMta_038-Ex1-1F-lcwgs-1-1.clmp.r1	0.19149751053237196	40.0	105.9272309459977	9.090909090909092	2611.0
Tzo-CMta_038-Ex1-1F-lcwgs-1-1.clmp.r2	0.15319800842588904	40.0	105.80582152432018	9.090909090909092	2611.0
Tzo-CMta_039-Ex1-1G-lcwgs-1-1.clmp.r1	3.848644075962042	40.0	128.09996679652912	0.0	451760.0
Tzo-CMta_039-Ex1-1G-lcwgs-1-1.clmp.r2	2.838087306162265	40.0	127.82117938728528	0.0	451760.0
Tzo-CMta_040-Ex1-1H-lcwgs-1-1.clmp.r1	3.4272207996848465	40.0	119.99686166371217	0.0	76155.0
Tzo-CMta_040-Ex1-1H-lcwgs-1-1.clmp.r2	2.1456240562011715	40.0	119.79288293611712	0.0	76155.0
Tzo-CMta_041-Ex1-2A-lcwgs-1-1.clmp.r1	2.9735643315757443	41.0	127.42404677355715	0.0	27879.0
Tzo-CMta_041-Ex1-2A-lcwgs-1-1.clmp.r2	1.890311704150065	41.0	127.12331862692349	0.0	27879.0
Tzo-CMta_042-Ex1-2B-lcwgs-1-1.clmp.r1	3.883665724383505	40.0	126.27618275307621	0.0	716464.0
Tzo-CMta_042-Ex1-2B-lcwgs-1-1.clmp.r2	3.094637361560558	41.0	126.0200093793966	0.0	716464.0
Tzo-CMta_043-Ex1-2C-lcwgs-1-1.clmp.r1	3.3201325388158835	40.0	126.18377100723221	0.0	269074.0
Tzo-CMta_043-Ex1-2C-lcwgs-1-1.clmp.r2	2.275173477544115	40.0	125.93673859235749	0.0	269074.0
Tzo-CMta_044-Ex1-2D-lcwgs-1-1.clmp.r1	4.402443657989693	41.0	132.46558784805103	0.0	1128642.0
Tzo-CMta_044-Ex1-2D-lcwgs-1-1.clmp.r2	3.7881949082286326	41.0	132.13418515348533	0.0	1128642.0
Tzo-CMta_045-Ex1-2E-lcwgs-1-1.clmp.r1	3.4631528663230142	41.0	123.38142027501121	0.0	470599.0
Tzo-CMta_045-Ex1-2E-lcwgs-1-1.clmp.r2	2.6314850576149524	41.0	123.1549897046105	0.0	470599.0
Tzo-CMta_046-Ex1-2F-lcwgs-1-1.clmp.r1	1.1769680738600243	40.0	114.43470293889632	9.090909090909092	14189.0
Tzo-CMta_046-Ex1-2F-lcwgs-1-1.clmp.r2	0.7118190147297128	40.0	114.23849460849954	9.090909090909092	14189.0
Tzo-CMta_047-Ex1-2G-lcwgs-1-1.clmp.r1	0.25256390632175396	40.0	109.25952854737487	9.090909090909092	13066.0
Tzo-CMta_047-Ex1-2G-lcwgs-1-1.clmp.r2	0.14541558242767394	40.0	109.05793662941987	9.090909090909092	13066.0
Tzo-CMta_048-Ex1-2H-lcwgs-1-1.clmp.r1	4.778883850448963	41.0	121.74660368658145	0.0	169154.0
Tzo-CMta_048-Ex1-2H-lcwgs-1-1.clmp.r2	3.2333228222841086	41.0	121.52761389030114	0.0	169154.0
Tzo-CMta_049-Ex1-3A-lcwgs-1-1.clmp.r1	0.33266799733866037	40.0	114.6655577733422	9.090909090909092	4509.0
Tzo-CMta_049-Ex1-3A-lcwgs-1-1.clmp.r2	0.11088933244622012	40.0	114.43646041250831	9.090909090909092	4509.0
Tzo-CMta_050-Ex1-3B-lcwgs-1-1.clmp.r1	0.2822201317027293	40.0	117.7730479774224	9.090909090909092	4252.0
Tzo-CMta_050-Ex1-3B-lcwgs-1-1.clmp.r2	0.25870178739417327	40.0	117.48330197554093	9.090909090909092	4252.0
Tzo-CMta_051-Ex1-3C-lcwgs-1-1.clmp.r1	3.612994814646086	41.0	125.13085540957033	0.0	368911.0
Tzo-CMta_051-Ex1-3C-lcwgs-1-1.clmp.r2	2.5409505890446695	41.0	124.88250282588483	0.0	368911.0
Tzo-CMta_052-Ex1-3D-lcwgs-1-1.clmp.r1	0.3420500937879325	40.0	113.8669314796425	9.090909090909092	9063.0
Tzo-CMta_052-Ex1-3D-lcwgs-1-1.clmp.r2	0.1875758578837008	40.0	113.7135606311376	9.090909090909092	9063.0
Tzo-CMta_053-Ex1-3E-lcwgs-1-1.clmp.r1	4.697446093112674	41.0	128.46806943966448	0.0	1249430.0
Tzo-CMta_053-Ex1-3E-lcwgs-1-1.clmp.r2	3.8162397422012475	41.0	128.19325932625276	0.0	1249430.0
Tzo-CMta_054-Ex1-3F-lcwgs-1-1.clmp.r1	0.2822201317027293	40.0	106.93391345249294	9.090909090909092	8504.0
Tzo-CMta_054-Ex1-3F-lcwgs-1-1.clmp.r2	0.15286923800564978	40.0	106.72918626528693	9.090909090909092	8504.0
Tzo-CMta_055-Ex1-3G-lcwgs-1-1.clmp.r1	3.5317485471586707	41.0	124.47547143450655	0.0	543978.0
Tzo-CMta_055-Ex1-3G-lcwgs-1-1.clmp.r2	2.543152736541259	41.0	124.24644930493513	0.0	543978.0
Tzo-CMta_056-Ex1-3H-lcwgs-1-1.clmp.r1	2.740413719786801	41.0	110.38824988557	0.0	67727.0
Tzo-CMta_056-Ex1-3H-lcwgs-1-1.clmp.r2	1.5444357494057073	41.0	110.29576092252721	0.0	67727.0
Tzo-CMta_057-Ex1-4A-lcwgs-1-1.clmp.r1	0.32838154808445097	40.0	113.84988272087568	9.090909090909092	6395.0
Tzo-CMta_057-Ex1-4A-lcwgs-1-1.clmp.r2	0.23455824863174257	40.0	113.60969507427677	9.090909090909092	6395.0
Tzo-CMta_058-Ex1-4B-lcwgs-1-1.clmp.r1	3.405079400210255	40.0	123.89597742488796	0.0	90365.0
Tzo-CMta_058-Ex1-4B-lcwgs-1-1.clmp.r2	2.0572124163116285	41.0	123.6344823770265	0.0	90365.0
Tzo-CMta_059-Ex1-4C-lcwgs-1-1.clmp.r1	2.9404289143811297	41.0	120.42939189756859	0.0	297565.0
Tzo-CMta_059-Ex1-4C-lcwgs-1-1.clmp.r2	2.0482431627259388	41.0	120.23221144959925	0.0	297565.0
Tzo-CMta_060-Ex1-4D-lcwgs-1-1.clmp.r1	3.5224799340679027	41.0	125.81828759008712	0.0	659223.0
Tzo-CMta_060-Ex1-4D-lcwgs-1-1.clmp.r2	2.718711644815457	41.0	125.54291946731227	0.0	659223.0
Tzo-CMta_061-Ex1-4E-lcwgs-1-1.clmp.r1	2.7684085317169433	41.0	118.52211956787407	0.0	61371.0
Tzo-CMta_061-Ex1-4E-lcwgs-1-1.clmp.r2	1.5805510746117903	41.0	118.29176646950513	0.0	61371.0
Tzo-CMta_062-Ex1-4F-lcwgs-1-1.clmp.r1	2.9430630995843217	41.0	120.41619749829215	0.0	212255.0
Tzo-CMta_062-Ex1-4F-lcwgs-1-1.clmp.r2	2.0913602793931574	41.0	120.22322677911004	0.0	212255.0
Tzo-CMta_063-Ex1-4G-lcwgs-1-1.clmp.r1	5.556115321901146	41.0	124.55683750051831	0.0	192936.0
Tzo-CMta_063-Ex1-4G-lcwgs-1-1.clmp.r2	3.844517272934098	41.0	124.30642285524733	0.0	192936.0
Tzo-CMta_064-Ex1-4H-lcwgs-1-1.clmp.r1	2.6633103362545825	41.0	119.61896326682827	0.0	32178.0
Tzo-CMta_064-Ex1-4H-lcwgs-1-1.clmp.r2	1.553856672260551	41.0	119.40689290819815	0.0	32178.0
Tzo-CMvi_006-Ex1-7B-lcwgs-1-1.clmp.r1	6.037425089913469	40.0	141.6694461242386	0.0	2746699.0
Tzo-CMvi_006-Ex1-7B-lcwgs-1-1.clmp.r2	5.540441306311436	40.0	141.23864391402188	0.0	2746699.0
Tzo-CMvi_007-Ex1-8E-lcwgs-1-1.clmp.r1	6.052886017393149	40.0	141.65204884540847	0.0	856580.0
Tzo-CMvi_007-Ex1-8E-lcwgs-1-1.clmp.r2	4.994170883068222	40.0	141.1946508207056	0.0	856580.0
Tzo-CMvi_011-Ex1-5G-lcwgs-1-1.clmp.r1	6.404317658451063	40.0	141.64519060018085	0.0	1835780.0
Tzo-CMvi_011-Ex1-5G-lcwgs-1-1.clmp.r2	5.503562130372757	40.0	141.20508938979617	0.0	1835780.0
Tzo-CMvi_012-Ex1-1G-lcwgs-1-1.clmp.r1	4.618479686628447	40.0	133.05215941315058	0.0	2409613.0
Tzo-CMvi_012-Ex1-1G-lcwgs-1-1.clmp.r2	4.035258133028947	40.0	132.78247253812125	0.0	2409613.0
Tzo-CMvi_013-Ex1-2B-lcwgs-1-1.clmp.r1	5.164829959011996	39.0	142.14183966868026	0.0	1061452.0
Tzo-CMvi_013-Ex1-2B-lcwgs-1-1.clmp.r2	4.199162175753415	40.0	141.66962236634348	0.0	1061452.0
Tzo-CMvi_015-Ex1-2F-lcwgs-1-1.clmp.r1	6.068200990261602	40.0	143.43027009737528	0.0	1106749.0
Tzo-CMvi_015-Ex1-2F-lcwgs-1-1.clmp.r2	5.16408119328554	40.0	142.90636088218739	0.0	1106749.0
Tzo-CMvi_016-Ex1-1D-lcwgs-1-1.clmp.r1	4.29599838497785	40.0	135.82750225894236	0.0	1509556.0
Tzo-CMvi_016-Ex1-1D-lcwgs-1-1.clmp.r2	3.6487985451296794	40.0	135.49643471325342	0.0	1509556.0
Tzo-CMvi_018-Ex1-1F-lcwgs-2-1.clmp.r1	8.005549070035457	41.0	144.24319504065141	0.0	162602.0
Tzo-CMvi_018-Ex1-1F-lcwgs-2-1.clmp.r2	4.943557538635687	41.0	143.6403057772967	0.0	162602.0
Tzo-CMvi_019-Ex1-1G-lcwgs-2-1.clmp.r1	0.18753907063971553	40.0	104.67847468222547	9.090909090909092	4799.0
Tzo-CMvi_019-Ex1-1G-lcwgs-2-1.clmp.r2	0.10418837257762448	40.0	104.55657428630965	9.090909090909092	4799.0
Tzo-CMvi_020-Ex1-7D-lcwgs-1-1.clmp.r1	5.613184792992286	41.0	141.43212654047574	0.0	1750839.0
Tzo-CMvi_020-Ex1-7D-lcwgs-1-1.clmp.r2	5.107617446971474	41.0	140.97187348465508	0.0	1750839.0
Tzo-CMvi_027-Ex1-1H-lcwgs-2-1.clmp.r1	0.14630577907827558	40.0	105.58193123628384	9.090909090909092	2734.0
Tzo-CMvi_027-Ex1-1H-lcwgs-2-1.clmp.r2	0.14630577907827558	41.0	105.35442574981712	9.090909090909092	2734.0
Tzo-CMvi_028-Ex1-2A-lcwgs-2-1.clmp.r1	4.7286934340743585	40.0	138.12205162977673	0.0	61941.0
Tzo-CMvi_028-Ex1-2A-lcwgs-2-1.clmp.r2	2.757462746807448	40.0	137.65988602056797	0.0	61941.0
Tzo-CMvi_029-Ex1-3C-lcwgs-1-1.clmp.r1	5.869609158825384	40.0	142.74434078166652	0.0	1260819.0
Tzo-CMvi_029-Ex1-3C-lcwgs-1-1.clmp.r2	4.7445212751015475	40.0	142.24266369716827	0.0	1260819.0
Tzo-CMvi_030-Ex1-2H-lcwgs-1-1.clmp.r1	5.592791645987916	40.0	142.80958815147827	0.0	1452063.0
Tzo-CMvi_030-Ex1-2H-lcwgs-1-1.clmp.r2	4.521583269309886	40.0	142.30571469695187	0.0	1452063.0
Tzo-CMvi_031-Ex1-2B-lcwgs-2-1.clmp.r1	5.156286644720453	40.0	140.70325797461675	0.0	1068578.0
Tzo-CMvi_031-Ex1-2B-lcwgs-2-1.clmp.r2	4.525555996661083	40.0	140.2419084053761	0.0	1068578.0
Tzo-CMvi_032-Ex1-2C-lcwgs-2-1.clmp.r1	6.489390725004085	40.0	139.95707804226004	0.0	155608.0
Tzo-CMvi_032-Ex1-2C-lcwgs-2-1.clmp.r2	4.2327852130807315	40.0	139.45750218497764	0.0	155608.0
Tzo-CMvi_033-Ex1-2D-lcwgs-2-1.clmp.r1	2.799328999790305	40.0	126.57076955336548	9.090909090909092	9538.0
Tzo-CMvi_033-Ex1-2D-lcwgs-2-1.clmp.r2	1.729922415600754	40.0	126.241350387922	9.090909090909092	9538.0
Tzo-CMvi_034-Ex1-2E-lcwgs-2-1.clmp.r1	0.23245002324500774	40.0	103.34239888423988	9.090909090909092	4302.0
Tzo-CMvi_034-Ex1-2E-lcwgs-2-1.clmp.r2	0.0929800092980031	40.0	103.24151557415156	9.090909090909092	4302.0
Tzo-CMvi_035-Ex1-2F-lcwgs-2-1.clmp.r1	5.569413383794938	41.0	143.07881759275188	0.0	69756.0
Tzo-CMvi_035-Ex1-2F-lcwgs-2-1.clmp.r2	3.1194449223006018	41.0	142.46754401055105	0.0	69756.0
Tzo-CMvi_038-Ex1-6B-lcwgs-1-1.clmp.r1	5.177922512044802	39.0	140.48304853010015	0.0	647289.0
Tzo-CMvi_038-Ex1-6B-lcwgs-1-1.clmp.r2	4.013396387528928	39.0	140.0632437751916	0.0	647289.0
Tzo-CMvi_040-Ex1-2G-lcwgs-2-1.clmp.r1	0.28526148969889675	40.0	104.7109350237718	9.090909090909092	3155.0
Tzo-CMvi_040-Ex1-2G-lcwgs-2-1.clmp.r2	0.15847860538826808	40.0	104.58288431061807	9.090909090909092	3155.0
Tzo-CMvi_041-Ex1-4D-lcwgs-1-1.clmp.r1	4.647489985808107	40.0	139.10367725626875	0.0	693479.0
Tzo-CMvi_041-Ex1-4D-lcwgs-1-1.clmp.r2	3.698549601648395	40.0	138.6808252304684	0.0	693479.0
Tzo-CMvi_042-Ex1-2H-lcwgs-2-1.clmp.r1	5.29708041659552	42.0	142.65844288885094	0.0	46856.0
Tzo-CMvi_042-Ex1-2H-lcwgs-2-1.clmp.r2	2.8768994365716196	43.0	142.0620198053611	0.0	46856.0
Tzo-CMvi_044-Ex1-3A-lcwgs-2-1.clmp.r1	6.443110917607683	41.0	141.033005526658	0.0	123040.0
Tzo-CMvi_044-Ex1-3A-lcwgs-2-1.clmp.r2	3.8314544282535934	41.0	140.4975211313394	0.0	123040.0
Tzo-CMvi_045-Ex1-8B-lcwgs-1-1.clmp.r1	6.26702267147536	40.0	144.53872671820517	0.0	1894506.0
Tzo-CMvi_045-Ex1-8B-lcwgs-1-1.clmp.r2	5.285644709910457	40.0	144.0059757002617	0.0	1894506.0
Tzo-CMvi_046-Ex1-6E-lcwgs-1-1.clmp.r1	5.810059933474449	39.0	140.9793695280507	0.0	1354065.0
Tzo-CMvi_046-Ex1-6E-lcwgs-1-1.clmp.r2	4.798360433105543	39.0	140.53765956582586	0.0	1354065.0
Tzo-CMvi_047-Ex1-1F-lcwgs-1-1.clmp.r1	4.64464557526702	40.0	135.46177938827395	0.0	1100558.0
Tzo-CMvi_047-Ex1-1F-lcwgs-1-1.clmp.r2	3.927949390625585	40.0	135.14968679524387	0.0	1100558.0
Tzo-CMvi_048-Ex1-2A-lcwgs-1-1.clmp.r1	5.259154823100246	40.0	140.59897057760173	0.0	1134034.0
Tzo-CMvi_048-Ex1-2A-lcwgs-1-1.clmp.r2	4.498238401655797	40.0	140.17176998220512	0.0	1134034.0
Tzo-CMvi_049-Ex1-5B-lcwgs-1-1.clmp.r1	5.580865822123911	40.0	142.58127328502582	0.0	936224.0
Tzo-CMvi_049-Ex1-5B-lcwgs-1-1.clmp.r2	4.690838462291268	40.0	142.10645315650956	0.0	936224.0
Tzo-CMvi_050-Ex1-3B-lcwgs-2-1.clmp.r1	4.208958003538513	40.0	133.16218145699474	0.0	32217.0
Tzo-CMvi_050-Ex1-3B-lcwgs-2-1.clmp.r2	2.495576869354693	40.0	132.73554334668032	0.0	32217.0
Tzo-CMvi_051-Ex1-6H-lcwgs-1-1.clmp.r1	5.444985379896806	40.0	140.77936330997233	0.0	853131.0
Tzo-CMvi_051-Ex1-6H-lcwgs-1-1.clmp.r2	4.451315761944855	40.0	140.35096134122426	0.0	853131.0
Tzo-CMvi_052-Ex1-7E-lcwgs-1-1.clmp.r1	4.588041284508847	40.0	139.13530003728079	0.0	820798.0
Tzo-CMvi_052-Ex1-7E-lcwgs-1-1.clmp.r2	3.678282051125663	40.0	138.7296679572806	0.0	820798.0
Tzo-CMvi_053-Ex1-3C-lcwgs-2-1.clmp.r1	3.3602889220381513	40.0	128.69678888278244	0.0	12737.0
Tzo-CMvi_053-Ex1-3C-lcwgs-2-1.clmp.r2	1.7508047420899686	40.0	128.29606657768704	9.090909090909092	12737.0
Tzo-CMvi_054-Ex1-3D-lcwgs-2-1.clmp.r1	6.1968286776097585	40.0	139.31071099101692	0.0	152843.0
Tzo-CMvi_054-Ex1-3D-lcwgs-2-1.clmp.r2	4.054972204928589	40.0	138.86379487447903	0.0	152843.0
Tzo-CMvi_057-Ex1-1H-lcwgs-1-1.clmp.r1	4.934732322551056	40.0	138.4015526443474	0.0	927450.0
Tzo-CMvi_057-Ex1-1H-lcwgs-1-1.clmp.r2	4.119505558756785	40.0	138.01316189551997	0.0	927450.0
Tzo-CMvi_058-Ex1-3E-lcwgs-2-1.clmp.r1	4.6515818915230085	40.0	140.30137942411898	0.0	236403.0
Tzo-CMvi_058-Ex1-3E-lcwgs-2-1.clmp.r2	3.0984032158069112	40.0	139.8102731352817	0.0	236403.0
Tzo-CMvi_061-Ex1-3F-lcwgs-2-1.clmp.r1	6.608077354671593	41.0	144.34955376338448	0.0	95353.0
Tzo-CMvi_061-Ex1-3F-lcwgs-2-1.clmp.r2	3.7387392111417626	41.0	143.73424013927198	0.0	95353.0
Tzo-CMvi_062-Ex1-3G-lcwgs-2-1.clmp.r1	5.445296446649621	40.0	142.0967022502882	0.0	39906.0
Tzo-CMvi_062-Ex1-3G-lcwgs-2-1.clmp.r2	3.067207938655841	41.0	141.54044504585778	0.0	39906.0
Tzo-CMvi_063-Ex1-7A-lcwgs-1-1.clmp.r1	4.654192365739746	40.0	139.26744117916135	0.0	972827.0
Tzo-CMvi_063-Ex1-7A-lcwgs-1-1.clmp.r2	3.8766625879649297	40.0	138.86131449887802	0.0	972827.0
Tzo-CMvi_064-Ex1-3A-lcwgs-1-1.clmp.r1	5.994122159581536	39.0	142.53536981816504	0.0	1040944.0
Tzo-CMvi_064-Ex1-3A-lcwgs-1-1.clmp.r2	4.991866879485457	40.0	142.03917693939349	0.0	1040944.0
Tzo-CMvi_065-Ex1-1E-lcwgs-1-1.clmp.r1	4.495908034217521	39.0	137.58852690216588	0.0	777837.0
Tzo-CMvi_065-Ex1-1E-lcwgs-1-1.clmp.r2	3.579333861480876	40.0	137.2176150016006	0.0	777837.0
Tzo-CMvi_066-Ex1-5F-lcwgs-1-1.clmp.r1	5.661808848711232	40.0	142.09885949491058	0.0	996576.0
Tzo-CMvi_066-Ex1-5F-lcwgs-1-1.clmp.r2	4.728435921383323	40.0	141.6343771072151	0.0	996576.0
Tzo-CMvi_067-Ex1-6A-lcwgs-1-1.clmp.r1	6.262717840546571	40.0	141.76017183447445	0.0	2432108.0
Tzo-CMvi_067-Ex1-6A-lcwgs-1-1.clmp.r2	5.435757171830147	40.0	141.32295153011296	0.0	2432108.0
Tzo-CMvi_068-Ex1-6F-lcwgs-1-1.clmp.r1	5.299582033770861	39.0	139.75891019192719	0.0	600436.0
Tzo-CMvi_068-Ex1-6F-lcwgs-1-1.clmp.r2	3.9769121321914724	39.0	139.32507711063295	0.0	600436.0
Tzo-CMvi_069-Ex1-7G-lcwgs-1-1.clmp.r1	4.814089951298769	40.0	139.96920445434017	0.0	1263397.0
Tzo-CMvi_069-Ex1-7G-lcwgs-1-1.clmp.r2	4.082723339854368	40.0	139.54652971314638	0.0	1263397.0
Tzo-CMvi_070-Ex1-3H-lcwgs-2-1.clmp.r1	0.11918951132300037	39.0	103.95947556615018	9.090909090909092	1678.0
Tzo-CMvi_070-Ex1-3H-lcwgs-2-1.clmp.r2	0.11918951132300037	39.0	103.82777115613825	9.090909090909092	1678.0
Tzo-CMvi_071-Ex1-4A-lcwgs-2-1.clmp.r1	5.004284876640654	40.0	135.58136755220784	0.0	44342.0
Tzo-CMvi_071-Ex1-4A-lcwgs-2-1.clmp.r2	2.922736908574265	40.0	135.12710297235128	0.0	44342.0
Tzo-CMvi_075-Ex1-3D-lcwgs-1-1.clmp.r1	5.924991514138711	40.0	143.3349815459889	0.0	1272894.0
Tzo-CMvi_075-Ex1-3D-lcwgs-1-1.clmp.r2	4.900845491236467	40.0	142.8263539619167	0.0	1272894.0
Tzo-CMvi_076-Ex1-5A-lcwgs-1-1.clmp.r1	5.87821167634452	40.0	143.0225271443158	0.0	1203659.0
Tzo-CMvi_076-Ex1-5A-lcwgs-1-1.clmp.r2	5.095480213938131	40.0	142.54136013605182	0.0	1203659.0
Tzo-CMvi_077-Ex1-6D-lcwgs-1-1.clmp.r1	6.220937413675216	39.0	142.31207149478917	0.0	1570576.0
Tzo-CMvi_077-Ex1-6D-lcwgs-1-1.clmp.r2	5.348254714280742	39.0	141.86206079807664	0.0	1570576.0
Tzo-CMvi_078-Ex1-4B-lcwgs-2-1.clmp.r1	4.957707703759667	40.0	140.6288991442586	0.0	282562.0
Tzo-CMvi_078-Ex1-4B-lcwgs-2-1.clmp.r2	3.3749288183489483	40.0	140.13353529490874	0.0	282562.0
Tzo-CMvi_079-Ex1-7C-lcwgs-1-1.clmp.r1	5.692810158824656	40.0	141.60500685293374	0.0	522404.0
Tzo-CMvi_079-Ex1-7C-lcwgs-1-1.clmp.r2	4.710061842564059	40.0	141.13752383212992	0.0	522404.0
Tzo-CMvi_080-Ex1-4C-lcwgs-2-1.clmp.r1	6.8239415826684535	40.0	140.52009106886084	0.0	150216.0
Tzo-CMvi_080-Ex1-4C-lcwgs-2-1.clmp.r2	4.390728264518984	40.0	140.0170021835224	0.0	150216.0
Tzo-CMvi_081-Ex1-4D-lcwgs-2-1.clmp.r1	7.433063751721917	40.0	140.01137316622055	0.0	174094.0
Tzo-CMvi_081-Ex1-4D-lcwgs-2-1.clmp.r2	4.986448631454081	40.0	139.53164956862383	0.0	174094.0
Tzo-CMvi_082-Ex1-6C-lcwgs-1-1.clmp.r1	5.7198286505510225	39.0	141.14103191125307	0.0	1402640.0
Tzo-CMvi_082-Ex1-6C-lcwgs-1-1.clmp.r2	4.64524732998558	39.0	140.70307776763818	0.0	1402640.0
Tzo-CMvi_083-Ex1-4E-lcwgs-2-1.clmp.r1	5.382609699269068	40.0	131.93378908722624	0.0	134283.0
Tzo-CMvi_083-Ex1-4E-lcwgs-2-1.clmp.r2	3.410579344421322	40.0	131.56270711854813	0.0	134283.0
Tzo-CMvi_087-Ex1-2D-lcwgs-1-1.clmp.r1	5.770392614913675	40.0	143.29977921536536	0.0	971535.0
Tzo-CMvi_087-Ex1-2D-lcwgs-1-1.clmp.r2	4.876186394609661	40.0	142.789158393676	0.0	971535.0
Tzo-CMvi_088-Ex1-4F-lcwgs-2-1.clmp.r1	6.092790421633893	40.0	142.15034319038034	0.0	96885.0
Tzo-CMvi_088-Ex1-4F-lcwgs-2-1.clmp.r2	3.518604531145172	40.0	141.59759508695876	0.0	96885.0
Tzo-CMvi_089-Ex1-5D-lcwgs-1-1.clmp.r1	6.149261829981228	39.0	141.59530857244792	0.0	3391505.0
Tzo-CMvi_089-Ex1-5D-lcwgs-1-1.clmp.r2	5.232989544074485	40.0	141.1561563376731	0.0	3391505.0
Tzo-CMvi_090-Ex1-3F-lcwgs-1-1.clmp.r1	4.4724611952921265	39.0	132.27300352822874	0.0	860205.0
Tzo-CMvi_090-Ex1-3F-lcwgs-1-1.clmp.r2	3.5752104254201527	39.0	131.98356438290872	0.0	860205.0
Tzo-CMvi_091-Ex1-2C-lcwgs-1-1.clmp.r1	6.422136204251785	40.0	143.12699079435754	0.0	1499841.0
Tzo-CMvi_091-Ex1-2C-lcwgs-1-1.clmp.r2	5.90832852338346	40.0	142.63619343650427	0.0	1499841.0
Tzo-CMvi_092-Ex1-4G-lcwgs-2-1.clmp.r1	5.72350286250871	42.0	142.049359343289	0.0	66026.0
Tzo-CMvi_092-Ex1-4G-lcwgs-2-1.clmp.r2	3.2684094144730835	42.0	141.49027655771968	0.0	66026.0
Tzo-CMvi_093-Ex1-4H-lcwgs-2-1.clmp.r1	4.4593379174282575	40.0	137.03234978385123	0.0	34467.0
Tzo-CMvi_093-Ex1-4H-lcwgs-2-1.clmp.r2	2.6053906635332424	40.0	136.5918414715525	0.0	34467.0
Tzo-CMvi_094-Ex1-8C-lcwgs-1-1.clmp.r1	6.1436002640245135	40.0	142.42571236651247	0.0	2655866.0
Tzo-CMvi_094-Ex1-8C-lcwgs-1-1.clmp.r2	5.637815212888981	40.0	141.96153721610955	0.0	2655866.0
