Sample	1	2	3	4	5	6	7	8	9	10	11	12	13	14	15	16	17	18	19	20	21	22	23	24	25	26	27	28	29	30	31
Tzo-ABol_002-Ex1-2A-lcwgs-1-1.clmp.r1r2_fastp	98.76591293699455	1.206874558859796	0.02585187893837218	0.0013606252072827464	0.0	0.0	0.0	0.0	0.0	0.0	0.0	0.0	0.0	0.0	0.0	0.0	0.0	0.0	0.0	0.0	0.0	0.0	0.0	0.0	0.0	0.0	0.0	0.0	0.0	0.0	0.0
Tzo-ABol_003-Ex1-3A-lcwgs-1-1.clmp.r1r2_fastp	98.5209357225689	1.4447236180904524	0.03278756419459937	0.00155309514605997	0.0	0.0	0.0	0.0	0.0	0.0	0.0	0.0	0.0	0.0	0.0	0.0	0.0	0.0	0.0	0.0	0.0	0.0	0.0	0.0	0.0	0.0	0.0	0.0	0.0	0.0	0.0
Tzo-ABol_008-Ex1-8A-lcwgs-1-1.clmp.r1r2_fastp	98.45465266627829	1.504369201040083	0.03984142997200869	0.00107986757413433	0.0	0.0	5.68351354807542e-05	0.0	0.0	0.0	0.0	0.0	0.0	0.0	0.0	0.0	0.0	0.0	0.0	0.0	0.0	0.0	0.0	0.0	0.0	0.0	0.0	0.0	0.0	0.0	0.0
Tzo-ABol_009-Ex1-9A-lcwgs-1-1.clmp.r1r2_fastp	98.38765667127062	1.5728458543598098	0.03741220398360241	0.0019626074220906184	0.00012266296388066365	0.0	0.0	0.0	0.0	0.0	0.0	0.0	0.0	0.0	0.0	0.0	0.0	0.0	0.0	0.0	0.0	0.0	0.0	0.0	0.0	0.0	0.0	0.0	0.0	0.0	0.0
Tzo-ABol_010-Ex1-10A-lcwgs-1-1.clmp.r1r2_fastp	98.64651575633182	1.3249773175105537	0.02744047999921247	0.0010254289984758024	4.1017159939032095e-05	0.0	0.0	0.0	0.0	0.0	0.0	0.0	0.0	0.0	0.0	0.0	0.0	0.0	0.0	0.0	0.0	0.0	0.0	0.0	0.0	0.0	0.0	0.0	0.0	0.0	0.0
Tzo-ABol_011-Ex1-11A-lcwgs-1-1.clmp.r1r2_fastp	99.81942098211685	0.1805790178831479	0.0	0.0	0.0	0.0	0.0	0.0	0.0	0.0	0.0	0.0	0.0	0.0	0.0	0.0	0.0	0.0	0.0	0.0	0.0	0.0	0.0	0.0	0.0	0.0	0.0	0.0	0.0	0.0	0.0
Tzo-ABol_012-Ex1-12A-lcwgs-1-1.clmp.r1r2_fastp	98.63457368055684	1.335692388973872	0.0287509906190678	0.0009829398502245402	0.0	0.0	0.0	0.0	0.0	0.0	0.0	0.0	0.0	0.0	0.0	0.0	0.0	0.0	0.0	0.0	0.0	0.0	0.0	0.0	0.0	0.0	0.0	0.0	0.0	0.0	0.0
Tzo-ABol_020-Ex1-8B-lcwgs-1-1.clmp.r1r2_fastp	98.57979450853877	1.3848747455300197	0.03382249637171715	0.0014328370815220198	7.541247797484315e-05	0.0	0.0	0.0	0.0	0.0	0.0	0.0	0.0	0.0	0.0	0.0	0.0	0.0	0.0	0.0	0.0	0.0	0.0	0.0	0.0	0.0	0.0	0.0	0.0	0.0	0.0
Tzo-ABol_023-Ex1-11B-lcwgs-1-1.clmp.r1r2_fastp	98.5978203930291	1.368083426122014	0.03258079503339187	0.0014809452287905395	3.444058671605906e-05	0.0	0.0	0.0	0.0	0.0	0.0	0.0	0.0	0.0	0.0	0.0	0.0	0.0	0.0	0.0	0.0	0.0	0.0	0.0	0.0	0.0	0.0	0.0	0.0	0.0	0.0
Tzo-ABol_024-Ex1-12B-lcwgs-1-1.clmp.r1r2_fastp	99.78297847381079	0.2170215261892193	0.0	0.0	0.0	0.0	0.0	0.0	0.0	0.0	0.0	0.0	0.0	0.0	0.0	0.0	0.0	0.0	0.0	0.0	0.0	0.0	0.0	0.0	0.0	0.0	0.0	0.0	0.0	0.0	0.0
Tzo-ABol_026-Ex1-2C-lcwgs-1-1.clmp.r1r2_fastp	98.76225133397597	1.2096471845490488	0.02702065526440049	0.0010808262105760195	0.0	0.0	0.0	0.0	0.0	0.0	0.0	0.0	0.0	0.0	0.0	0.0	0.0	0.0	0.0	0.0	0.0	0.0	0.0	0.0	0.0	0.0	0.0	0.0	0.0	0.0	0.0
Tzo-ABol_030-Ex1-6C-lcwgs-1-1.clmp.r1r2_fastp	98.79373506883994	1.1805966559961523	0.024768265515806333	0.0008280088762551534	7.200077184827421e-05	0.0	0.0	0.0	0.0	0.0	0.0	0.0	0.0	0.0	0.0	0.0	0.0	0.0	0.0	0.0	0.0	0.0	0.0	0.0	0.0	0.0	0.0	0.0	0.0	0.0	0.0
Tzo-ABol_034-Ex1-10C-lcwgs-1-1.clmp.r1r2_fastp	98.78264329719649	1.1901191587489965	0.026393253605395527	0.0008075821687325475	3.670828039693398e-05	0.0	0.0	0.0	0.0	0.0	0.0	0.0	0.0	0.0	0.0	0.0	0.0	0.0	0.0	0.0	0.0	0.0	0.0	0.0	0.0	0.0	0.0	0.0	0.0	0.0	0.0
Tzo-ABol_035-Ex1-11C-lcwgs-1-1.clmp.r1r2_fastp	98.80490794191752	1.1663879789138922	0.02733721825579435	0.0013668609127897176	0.0	0.0	0.0	0.0	0.0	0.0	0.0	0.0	0.0	0.0	0.0	0.0	0.0	0.0	0.0	0.0	0.0	0.0	0.0	0.0	0.0	0.0	0.0	0.0	0.0	0.0	0.0
Tzo-ABol_036-Ex1-12C-lcwgs-1-1.clmp.r1r2_fastp	98.68428763426145	1.2842862175088725	0.0302347881021118	0.0011269622828263184	3.219892236646624e-05	3.219892236646624e-05	0.0	0.0	0.0	0.0	0.0	0.0	0.0	0.0	0.0	0.0	0.0	0.0	0.0	0.0	0.0	0.0	0.0	0.0	0.0	0.0	0.0	0.0	0.0	0.0	0.0
Tzo-ABol_038-Ex1-2D-lcwgs-1-1.clmp.r1r2_fastp	98.54154172043694	1.4207414213334884	0.03623669082811529	0.00126088334197678	0.00016446304460566695	5.4821014868555655e-05	0.0	0.0	0.0	0.0	0.0	0.0	0.0	0.0	0.0	0.0	0.0	0.0	0.0	0.0	0.0	0.0	0.0	0.0	0.0	0.0	0.0	0.0	0.0	0.0	0.0
Tzo-ABol_043-Ex1-7D-lcwgs-1-1.clmp.r1r2_fastp	98.81103149892532	1.1673691107564408	0.021042705000759877	0.00055668531748042	0.0	0.0	0.0	0.0	0.0	0.0	0.0	0.0	0.0	0.0	0.0	0.0	0.0	0.0	0.0	0.0	0.0	0.0	0.0	0.0	0.0	0.0	0.0	0.0	0.0	0.0	0.0
Tzo-ABol_044-Ex1-8D-lcwgs-1-1.clmp.r1r2_fastp	98.56055544311553	1.406349233169228	0.03184644357504429	0.0011754166025391203	7.346353765869502e-05	0.0	0.0	0.0	0.0	0.0	0.0	0.0	0.0	0.0	0.0	0.0	0.0	0.0	0.0	0.0	0.0	0.0	0.0	0.0	0.0	0.0	0.0	0.0	0.0	0.0	0.0
Tzo-ABol_045-Ex1-9D-lcwgs-1-1.clmp.r1r2_fastp	98.85252376286108	1.127290871631889	0.01987640583089298	0.0003089596761278702	0.0	0.0	0.0	0.0	0.0	0.0	0.0	0.0	0.0	0.0	0.0	0.0	0.0	0.0	0.0	0.0	0.0	0.0	0.0	0.0	0.0	0.0	0.0	0.0	0.0	0.0	0.0
Tzo-ABol_046-Ex1-10D-lcwgs-1-1.clmp.r1r2_fastp	98.94113957251459	1.0409583311360475	0.017624544467974675	0.000277551881385428	0.0	0.0	0.0	0.0	0.0	0.0	0.0	0.0	0.0	0.0	0.0	0.0	0.0	0.0	0.0	0.0	0.0	0.0	0.0	0.0	0.0	0.0	0.0	0.0	0.0	0.0	0.0
Tzo-ABol_047-Ex1-11D-lcwgs-1-1.clmp.r1r2_fastp	98.62057526919213	1.3450088489904235	0.03328502042147204	0.0010931660161072358	0.0	3.769537986576675e-05	0.0	0.0	0.0	0.0	0.0	0.0	0.0	0.0	0.0	0.0	0.0	0.0	0.0	0.0	0.0	0.0	0.0	0.0	0.0	0.0	0.0	0.0	0.0	0.0	0.0
Tzo-ABol_048-Ex1-12D-lcwgs-1-1.clmp.r1r2_fastp	98.61456856133628	1.353341057047732	0.030674629485869617	0.0014157521301170592	0.0	0.0	0.0	0.0	0.0	0.0	0.0	0.0	0.0	0.0	0.0	0.0	0.0	0.0	0.0	0.0	0.0	0.0	0.0	0.0	0.0	0.0	0.0	0.0	0.0	0.0	0.0
Tzo-ABol_050-Ex1-2E-lcwgs-1-1.clmp.r1r2_fastp	98.68274041582029	1.2873298314821746	0.02894844933040064	0.0009112102694799232	7.00930976523018e-05	0.0	0.0	0.0	0.0	0.0	0.0	0.0	0.0	0.0	0.0	0.0	0.0	0.0	0.0	0.0	0.0	0.0	0.0	0.0	0.0	0.0	0.0	0.0	0.0	0.0	0.0
Tzo-ABol_051-Ex1-3E-lcwgs-1-1.clmp.r1r2_fastp	98.73729328542689	1.236157572110421	0.025516675811371296	0.0008849714154232818	0.00014749523590388032	0.0	0.0	0.0	0.0	0.0	0.0	0.0	0.0	0.0	0.0	0.0	0.0	0.0	0.0	0.0	0.0	0.0	0.0	0.0	0.0	0.0	0.0	0.0	0.0	0.0	0.0
Tzo-ABol_052-Ex1-4E-lcwgs-1-1.clmp.r1r2_fastp	98.82207255023495	1.1559082713893312	0.021559076141004246	0.000460102234716554	0.0	0.0	0.0	0.0	0.0	0.0	0.0	0.0	0.0	0.0	0.0	0.0	0.0	0.0	0.0	0.0	0.0	0.0	0.0	0.0	0.0	0.0	0.0	0.0	0.0	0.0	0.0
Tzo-ABol_053-Ex1-5E-lcwgs-1-1.clmp.r1r2_fastp	98.64231564797943	1.3265841781518148	0.030160906872720973	0.0009131762461463962	0.0	0.0	0.0	0.0	0.0	0.0	0.0	0.0	0.0	2.6090749889897037e-05	0.0	0.0	0.0	0.0	0.0	0.0	0.0	0.0	0.0	0.0	0.0	0.0	0.0	0.0	0.0	0.0	0.0
Tzo-ABol_054-Ex1-6E-lcwgs-1-1.clmp.r1r2_fastp	98.54585233668419	1.4191507843265383	0.033547789468618874	0.001449089520649389	0.0	0.0	0.0	0.0	0.0	0.0	0.0	0.0	0.0	0.0	0.0	0.0	0.0	0.0	0.0	0.0	0.0	0.0	0.0	0.0	0.0	0.0	0.0	0.0	0.0	0.0	0.0
Tzo-ABol_055-Ex1-7E-lcwgs-1-1.clmp.r1r2_fastp	98.57219301910486	1.3957241209236513	0.031244874822975638	0.0007781290664725733	5.9856082036351796e-05	0.0	0.0	0.0	0.0	0.0	0.0	0.0	0.0	0.0	0.0	0.0	0.0	0.0	0.0	0.0	0.0	0.0	0.0	0.0	0.0	0.0	0.0	0.0	0.0	0.0	0.0
Tzo-ABol_056-Ex1-8E-lcwgs-1-1.clmp.r1r2_fastp	98.63599179632476	1.3348368052055335	0.028636143451913135	0.00044604584816064074	8.920916963212815e-05	0.0	0.0	0.0	0.0	0.0	0.0	0.0	0.0	0.0	0.0	0.0	0.0	0.0	0.0	0.0	0.0	0.0	0.0	0.0	0.0	0.0	0.0	0.0	0.0	0.0	0.0
Tzo-ABol_057-Ex1-9E-lcwgs-1-1.clmp.r1r2_fastp	98.59029235683505	1.3758688839110826	0.03230063383323456	0.0013811738470965215	0.00015695157353369562	0.0	0.0	0.0	0.0	0.0	0.0	0.0	0.0	0.0	0.0	0.0	0.0	0.0	0.0	0.0	0.0	0.0	0.0	0.0	0.0	0.0	0.0	0.0	0.0	0.0	0.0
Tzo-ABol_058-Ex1-10E-lcwgs-1-1.clmp.r1r2_fastp	98.76506485043048	1.210346493709259	0.023728912648370185	0.0006877945695179763	8.597432118974704e-05	0.0	8.597432118974704e-05	0.0	0.0	0.0	0.0	0.0	0.0	0.0	0.0	0.0	0.0	0.0	0.0	0.0	0.0	0.0	0.0	0.0	0.0	0.0	0.0	0.0	0.0	0.0	0.0
Tzo-ABol_059-Ex1-11E-lcwgs-1-1.clmp.r1r2_fastp	98.72344183468694	1.2484405912202112	0.027305514191254314	0.0008120599015986414	0.0	0.0	0.0	0.0	0.0	0.0	0.0	0.0	0.0	0.0	0.0	0.0	0.0	0.0	0.0	0.0	0.0	0.0	0.0	0.0	0.0	0.0	0.0	0.0	0.0	0.0	0.0
Tzo-ABol_060-Ex1-12E-lcwgs-1-1.clmp.r1r2_fastp	98.61905170230544	1.3515345974909614	0.028616040537064253	0.0007976596665383764	0.0	0.0	0.0	0.0	0.0	0.0	0.0	0.0	0.0	0.0	0.0	0.0	0.0	0.0	0.0	0.0	0.0	0.0	0.0	0.0	0.0	0.0	0.0	0.0	0.0	0.0	0.0
Tzo-ABol_061-Ex1-1F-lcwgs-1-1.clmp.r1r2_fastp	98.85711446721871	1.1215794406720878	0.02082837703948506	0.0004777150697129601	0.0	0.0	0.0	0.0	0.0	0.0	0.0	0.0	0.0	0.0	0.0	0.0	0.0	0.0	0.0	0.0	0.0	0.0	0.0	0.0	0.0	0.0	0.0	0.0	0.0	0.0	0.0
Tzo-ABol_062-Ex1-2F-lcwgs-1-1.clmp.r1r2_fastp	98.88354116149846	1.096627440300683	0.019133109531814907	0.0006633742355921226	3.4914433452216975e-05	0.0	0.0	0.0	0.0	0.0	0.0	0.0	0.0	0.0	0.0	0.0	0.0	0.0	0.0	0.0	0.0	0.0	0.0	0.0	0.0	0.0	0.0	0.0	0.0	0.0	0.0
Tzo-ABol_063-Ex1-3F-lcwgs-1-1.clmp.r1r2_fastp	99.71425788226126	0.27924797869922396	0.0064941390395168355	0.0	0.0	0.0	0.0	0.0	0.0	0.0	0.0	0.0	0.0	0.0	0.0	0.0	0.0	0.0	0.0	0.0	0.0	0.0	0.0	0.0	0.0	0.0	0.0	0.0	0.0	0.0	0.0
Tzo-ABol_065-Ex1-5F-lcwgs-1-1.clmp.r1r2_fastp	98.7362778476553	1.2378598201729782	0.024724868488244914	0.0010177306641650447	0.00011973301931353469	0.0	0.0	0.0	0.0	0.0	0.0	0.0	0.0	0.0	0.0	0.0	0.0	0.0	0.0	0.0	0.0	0.0	0.0	0.0	0.0	0.0	0.0	0.0	0.0	0.0	0.0
Tzo-ABol_066-Ex1-6F-lcwgs-1-1.clmp.r1r2_fastp	98.762052273059	1.2109269921458927	0.02653822167376564	0.00048251312134119345	0.0	0.0	0.0	0.0	0.0	0.0	0.0	0.0	0.0	0.0	0.0	0.0	0.0	0.0	0.0	0.0	0.0	0.0	0.0	0.0	0.0	0.0	0.0	0.0	0.0	0.0	0.0
Tzo-ABol_067-Ex1-7F-lcwgs-1-1.clmp.r1r2_fastp	98.85140582552171	1.1266427018670726	0.021086717629560253	0.0008647549816538905	0.0	0.0	0.0	0.0	0.0	0.0	0.0	0.0	0.0	0.0	0.0	0.0	0.0	0.0	0.0	0.0	0.0	0.0	0.0	0.0	0.0	0.0	0.0	0.0	0.0	0.0	0.0
Tzo-ABol_068-Ex1-8F-lcwgs-1-1.clmp.r1r2_fastp	98.64445509012823	1.3224213426514377	0.03188761321956624	0.0011865158407280462	4.943816003033525e-05	0.0	0.0	0.0	0.0	0.0	0.0	0.0	0.0	0.0	0.0	0.0	0.0	0.0	0.0	0.0	0.0	0.0	0.0	0.0	0.0	0.0	0.0	0.0	0.0	0.0	0.0
Tzo-ABol_069-Ex1-9F-lcwgs-1-1.clmp.r1r2_fastp	98.7233009421281	1.2471756036446662	0.0283814294935078	0.0010574303089980553	8.459442471984441e-05	0.0	0.0	0.0	0.0	0.0	0.0	0.0	0.0	0.0	0.0	0.0	0.0	0.0	0.0	0.0	0.0	0.0	0.0	0.0	0.0	0.0	0.0	0.0	0.0	0.0	0.0
Tzo-ABol_070-Ex1-10F-lcwgs-1-1.clmp.r1r2_fastp	98.64690522781004	1.3251110603563396	0.026954898898552872	0.0010288129350592699	0.0	0.0	0.0	0.0	0.0	0.0	0.0	0.0	0.0	0.0	0.0	0.0	0.0	0.0	0.0	0.0	0.0	0.0	0.0	0.0	0.0	0.0	0.0	0.0	0.0	0.0	0.0
Tzo-ABol_071-Ex1-11F-lcwgs-1-1.clmp.r1r2_fastp	98.77484103605258	1.1963555062869384	0.028336374563277304	0.0004670830971968786	0.0	0.0	0.0	0.0	0.0	0.0	0.0	0.0	0.0	0.0	0.0	0.0	0.0	0.0	0.0	0.0	0.0	0.0	0.0	0.0	0.0	0.0	0.0	0.0	0.0	0.0	0.0
Tzo-ABol_072-Ex1-12F-lcwgs-1-1.clmp.r1r2_fastp	98.4965221875133	1.46579034096912	0.03618943394679286	0.0012615053227640212	0.00023653224801825396	0.0	0.0	0.0	0.0	0.0	0.0	0.0	0.0	0.0	0.0	0.0	0.0	0.0	0.0	0.0	0.0	0.0	0.0	0.0	0.0	0.0	0.0	0.0	0.0	0.0	0.0
Tzo-ABol_073-Ex1-1G-lcwgs-1-1.clmp.r1r2_fastp	98.7612223512419	1.2165251271428166	0.021524257271517175	0.0007282643437731376	0.0	0.0	0.0	0.0	0.0	0.0	0.0	0.0	0.0	0.0	0.0	0.0	0.0	0.0	0.0	0.0	0.0	0.0	0.0	0.0	0.0	0.0	0.0	0.0	0.0	0.0	0.0
Tzo-ABol_075-Ex1-3G-lcwgs-1-1.clmp.r1r2_fastp	98.84209118363559	1.1351672554099699	0.021958449351317334	0.0006891382107403443	9.397339237368331e-05	0.0	0.0	0.0	0.0	0.0	0.0	0.0	0.0	0.0	0.0	0.0	0.0	0.0	0.0	0.0	0.0	0.0	0.0	0.0	0.0	0.0	0.0	0.0	0.0	0.0	0.0
Tzo-ABol_076-Ex1-4G-lcwgs-1-1.clmp.r1r2_fastp	98.9712055933273	1.0113592466731234	0.01691530431152312	0.0005198556880609942	0.0	0.0	0.0	0.0	0.0	0.0	0.0	0.0	0.0	0.0	0.0	0.0	0.0	0.0	0.0	0.0	0.0	0.0	0.0	0.0	0.0	0.0	0.0	0.0	0.0	0.0	0.0
Tzo-ABol_077-Ex1-5G-lcwgs-1-1.clmp.r1r2_fastp	98.58201815174141	1.3845397237000938	0.03227969776903474	0.0010730093441230384	8.941744534358653e-05	0.0	0.0	0.0	0.0	0.0	0.0	0.0	0.0	0.0	0.0	0.0	0.0	0.0	0.0	0.0	0.0	0.0	0.0	0.0	0.0	0.0	0.0	0.0	0.0	0.0	0.0
Tzo-ABol_078-Ex1-6G-lcwgs-1-1.clmp.r1r2_fastp	98.68437624370904	1.288041753358959	0.02695227683766669	0.0006297260943380067	0.0	0.0	0.0	0.0	0.0	0.0	0.0	0.0	0.0	0.0	0.0	0.0	0.0	0.0	0.0	0.0	0.0	0.0	0.0	0.0	0.0	0.0	0.0	0.0	0.0	0.0	0.0
Tzo-ABol_079-Ex1-7G-lcwgs-1-1.clmp.r1r2_fastp	98.60326239919725	1.3624738432922576	0.03328479301019347	0.0009789645002998078	0.0	0.0	0.0	0.0	0.0	0.0	0.0	0.0	0.0	0.0	0.0	0.0	0.0	0.0	0.0	0.0	0.0	0.0	0.0	0.0	0.0	0.0	0.0	0.0	0.0	0.0	0.0
Tzo-ABol_080-Ex1-8G-lcwgs-1-1.clmp.r1r2_fastp	98.50061755492119	1.4587752820345314	0.03900658873450592	0.0014523729847954333	0.00011856105998330067	2.9640264995825167e-05	0.0	0.0	0.0	0.0	0.0	0.0	0.0	0.0	0.0	0.0	0.0	0.0	0.0	0.0	0.0	0.0	0.0	0.0	0.0	0.0	0.0	0.0	0.0	0.0	0.0
Tzo-ABol_081-Ex1-9G-lcwgs-1-1.clmp.r1r2_fastp	98.61555636641646	1.3538625938281903	0.029799138170697802	0.0006950236308034474	4.343897692521546e-05	4.343897692521546e-05	0.0	0.0	0.0	0.0	0.0	0.0	0.0	0.0	0.0	0.0	0.0	0.0	0.0	0.0	0.0	0.0	0.0	0.0	0.0	0.0	0.0	0.0	0.0	0.0	0.0
Tzo-ABol_082-Ex1-10G-lcwgs-1-1.clmp.r1r2_fastp	98.62521409811391	1.3472354881740862	0.02674010742635582	0.000810306285647146	0.0	0.0	0.0	0.0	0.0	0.0	0.0	0.0	0.0	0.0	0.0	0.0	0.0	0.0	0.0	0.0	0.0	0.0	0.0	0.0	0.0	0.0	0.0	0.0	0.0	0.0	0.0
Tzo-ABol_083-Ex1-11G-lcwgs-1-1.clmp.r1r2_fastp	98.6113735522078	1.3588846926558202	0.028555474304733514	0.0011015464865327467	0.0	0.0	8.473434511790361e-05	0.0	0.0	0.0	0.0	0.0	0.0	0.0	0.0	0.0	0.0	0.0	0.0	0.0	0.0	0.0	0.0	0.0	0.0	0.0	0.0	0.0	0.0	0.0	0.0
Tzo-ABol_084-Ex1-12G-lcwgs-1-1.clmp.r1r2_fastp	98.61720902561511	1.3550387699957125	0.026810512823069448	0.0009416915660995468	0.0	0.0	0.0	0.0	0.0	0.0	0.0	0.0	0.0	0.0	0.0	0.0	0.0	0.0	0.0	0.0	0.0	0.0	0.0	0.0	0.0	0.0	0.0	0.0	0.0	0.0	0.0
Tzo-ABol_085-Ex1-1H-lcwgs-1-1.clmp.r1r2_fastp	98.79025634314957	1.1887227946888215	0.02039441262699524	0.0006264495346176013	0.0	0.0	0.0	0.0	0.0	0.0	0.0	0.0	0.0	0.0	0.0	0.0	0.0	0.0	0.0	0.0	0.0	0.0	0.0	0.0	0.0	0.0	0.0	0.0	0.0	0.0	0.0
Tzo-ABol_086-Ex1-2H-lcwgs-1-1.clmp.r1r2_fastp	98.66765883561887	1.30611955635874	0.025715399373313692	0.0005062086490809783	0.0	0.0	0.0	0.0	0.0	0.0	0.0	0.0	0.0	0.0	0.0	0.0	0.0	0.0	0.0	0.0	0.0	0.0	0.0	0.0	0.0	0.0	0.0	0.0	0.0	0.0	0.0
Tzo-ABol_087-Ex1-3H-lcwgs-1-1.clmp.r1r2_fastp	98.6862547712471	1.2860065557032925	0.026892187721795434	0.000781371071819722	6.511425598497683e-05	0.0	0.0	0.0	0.0	0.0	0.0	0.0	0.0	0.0	0.0	0.0	0.0	0.0	0.0	0.0	0.0	0.0	0.0	0.0	0.0	0.0	0.0	0.0	0.0	0.0	0.0
Tzo-ABol_088-Ex1-4H-lcwgs-1-1.clmp.r1r2_fastp	98.73209028459273	1.2415863303123016	0.02539975754776886	0.000923627547191595	0.0	0.0	0.0	0.0	0.0	0.0	0.0	0.0	0.0	0.0	0.0	0.0	0.0	0.0	0.0	0.0	0.0	0.0	0.0	0.0	0.0	0.0	0.0	0.0	0.0	0.0	0.0
Tzo-ABol_090-Ex1-6H-lcwgs-1-1.clmp.r1r2_fastp	99.05882817591186	0.926558581330595	0.013823337743636328	0.0007899050139220758	0.0	0.0	0.0	0.0	0.0	0.0	0.0	0.0	0.0	0.0	0.0	0.0	0.0	0.0	0.0	0.0	0.0	0.0	0.0	0.0	0.0	0.0	0.0	0.0	0.0	0.0	0.0
Tzo-ABol_091-Ex1-7H-lcwgs-1-1.clmp.r1r2_fastp	98.64558238556782	1.325404384399286	0.028312910687273398	0.0007003193456216034	0.0	0.0	0.0	0.0	0.0	0.0	0.0	0.0	0.0	0.0	0.0	0.0	0.0	0.0	0.0	0.0	0.0	0.0	0.0	0.0	0.0	0.0	0.0	0.0	0.0	0.0	0.0
Tzo-ABol_092-Ex1-8H-lcwgs-1-1.clmp.r1r2_fastp	98.54702556416481	1.4208970962633587	0.03097122441417376	0.0011061151576490628	0.0	0.0	0.0	0.0	0.0	0.0	0.0	0.0	0.0	0.0	0.0	0.0	0.0	0.0	0.0	0.0	0.0	0.0	0.0	0.0	0.0	0.0	0.0	0.0	0.0	0.0	0.0
Tzo-ABol_093-Ex1-9H-lcwgs-1-1.clmp.r1r2_fastp	98.53297814014658	1.428508962237179	0.03699929028634087	0.001513607329895763	0.0	0.0	0.0	0.0	0.0	0.0	0.0	0.0	0.0	0.0	0.0	0.0	0.0	0.0	0.0	0.0	0.0	0.0	0.0	0.0	0.0	0.0	0.0	0.0	0.0	0.0	0.0
Tzo-ABol_095-Ex1-11H-lcwgs-1-1.clmp.r1r2_fastp	98.57889610601845	1.3934313710536694	0.027018841283917905	0.0006536816439657559	0.0	0.0	0.0	0.0	0.0	0.0	0.0	0.0	0.0	0.0	0.0	0.0	0.0	0.0	0.0	0.0	0.0	0.0	0.0	0.0	0.0	0.0	0.0	0.0	0.0	0.0	0.0
Tzo-ABol_096-Ex1-12H-lcwgs-1-1.clmp.r1r2_fastp	98.52286948560806	1.4424140277003967	0.03303665669034294	0.0016798300012038784	0.0	0.0	0.0	0.0	0.0	0.0	0.0	0.0	0.0	0.0	0.0	0.0	0.0	0.0	0.0	0.0	0.0	0.0	0.0	0.0	0.0	0.0	0.0	0.0	0.0	0.0	0.0
Tzo-AMta_001-Ex1-5D-lcwgs-1-1.clmp.r1r2_fastp	99.03535393077259	0.9471807138676563	0.016863101726661164	0.0006022536330950416	0.0	0.0	0.0	0.0	0.0	0.0	0.0	0.0	0.0	0.0	0.0	0.0	0.0	0.0	0.0	0.0	0.0	0.0	0.0	0.0	0.0	0.0	0.0	0.0	0.0	0.0	0.0
Tzo-AMta_002-Ex1-5E-lcwgs-1-1.clmp.r1r2_fastp	98.86156267215026	1.1145131914946866	0.02308991989436436	0.0007746295706496431	0.0	2.979344502498627e-05	0.0	0.0	2.979344502498627e-05	0.0	0.0	0.0	0.0	0.0	0.0	0.0	0.0	0.0	0.0	0.0	0.0	0.0	0.0	0.0	0.0	0.0	0.0	0.0	0.0	0.0	0.0
Tzo-AMta_003-Ex1-5F-lcwgs-1-1.clmp.r1r2_fastp	98.58201362894712	1.381274594490834	0.035224109799404935	0.0014396775122372588	4.7989250407908626e-05	0.0	0.0	0.0	0.0	0.0	0.0	0.0	0.0	0.0	0.0	0.0	0.0	0.0	0.0	0.0	0.0	0.0	0.0	0.0	0.0	0.0	0.0	0.0	0.0	0.0	0.0
Tzo-AMta_004-Ex1-5G-lcwgs-1-1.clmp.r1r2_fastp	98.8948411163034	1.0833970026050053	0.02091708757095843	0.0008447935206364472	0.0	0.0	0.0	0.0	0.0	0.0	0.0	0.0	0.0	0.0	0.0	0.0	0.0	0.0	0.0	0.0	0.0	0.0	0.0	0.0	0.0	0.0	0.0	0.0	0.0	0.0	0.0
Tzo-AMta_005-Ex1-5H-lcwgs-1-1.clmp.r1r2_fastp	98.92321345658567	1.0547012896976637	0.021389655174412638	0.0006086487244751563	5.796654518811013e-05	0.0	0.0	0.0	0.0	0.0	0.0	0.0	0.0	0.0	0.0	0.0	0.0	0.0	0.0	0.0	0.0	0.0	0.0	0.0	0.0	0.0	0.0	0.0	0.0	0.0	2.8983272594055066e-05
Tzo-AMta_006-Ex1-1B-lcwgs-2-1.clmp.r1r2_fastp	99.45770318990255	0.5349390982120761	0.007023270436044761	0.0003344414493354649	0.0	0.0	0.0	0.0	0.0	0.0	0.0	0.0	0.0	0.0	0.0	0.0	0.0	0.0	0.0	0.0	0.0	0.0	0.0	0.0	0.0	0.0	0.0	0.0	0.0	0.0	0.0
Tzo-AMta_006-Ex1-6A-lcwgs-1-1.clmp.r1r2_fastp	98.61521425666739	1.3524851189366967	0.030975470574545288	0.0013251538213709213	0.0	0.0	0.0	0.0	0.0	0.0	0.0	0.0	0.0	0.0	0.0	0.0	0.0	0.0	0.0	0.0	0.0	0.0	0.0	0.0	0.0	0.0	0.0	0.0	0.0	0.0	0.0
Tzo-AMta_007-Ex1-6B-lcwgs-1-1.clmp.r1r2_fastp	98.74748043947656	1.2278436450245427	0.023898250283174823	0.0007776652157228353	0.0	0.0	0.0	0.0	0.0	0.0	0.0	0.0	0.0	0.0	0.0	0.0	0.0	0.0	0.0	0.0	0.0	0.0	0.0	0.0	0.0	0.0	0.0	0.0	0.0	0.0	0.0
Tzo-AMta_008-Ex1-6C-lcwgs-1-1.clmp.r1r2_fastp	98.84276720358976	1.1336736457221854	0.022980077126502886	0.0005485960056724827	3.0477555870693486e-05	0.0	0.0	0.0	0.0	0.0	0.0	0.0	0.0	0.0	0.0	0.0	0.0	0.0	0.0	0.0	0.0	0.0	0.0	0.0	0.0	0.0	0.0	0.0	0.0	0.0	0.0
Tzo-AMta_009-Ex1-6D-lcwgs-1-1.clmp.r1r2_fastp	98.90447462676823	1.0746938327363802	0.020356747549623282	0.0004747929457638083	0.0	0.0	0.0	0.0	0.0	0.0	0.0	0.0	0.0	0.0	0.0	0.0	0.0	0.0	0.0	0.0	0.0	0.0	0.0	0.0	0.0	0.0	0.0	0.0	0.0	0.0	0.0
Tzo-AMta_010-Ex1-6E-lcwgs-1-1.clmp.r1r2_fastp	98.92110984646936	1.0583054661888434	0.01999739241050506	0.0005285654381631294	5.87294931292366e-05	0.0	0.0	0.0	0.0	0.0	0.0	0.0	0.0	0.0	0.0	0.0	0.0	0.0	0.0	0.0	0.0	0.0	0.0	0.0	0.0	0.0	0.0	0.0	0.0	0.0	0.0
Tzo-AMta_011-Ex1-6F-lcwgs-1-1.clmp.r1r2_fastp	99.32849274739088	0.6533137063561635	0.018193546252956452	0.0	0.0	0.0	0.0	0.0	0.0	0.0	0.0	0.0	0.0	0.0	0.0	0.0	0.0	0.0	0.0	0.0	0.0	0.0	0.0	0.0	0.0	0.0	0.0	0.0	0.0	0.0	0.0
Tzo-AMta_012-Ex1-6G-lcwgs-1-1.clmp.r1r2_fastp	98.87447094039557	1.105886454094338	0.0189050373190095	0.0006987488126122608	3.881937847845893e-05	0.0	0.0	0.0	0.0	0.0	0.0	0.0	0.0	0.0	0.0	0.0	0.0	0.0	0.0	0.0	0.0	0.0	0.0	0.0	0.0	0.0	0.0	0.0	0.0	0.0	0.0
Tzo-AMta_013-Ex1-6H-lcwgs-1-1.clmp.r1r2_fastp	98.97165762296781	1.0094633174208032	0.018388204061489853	0.000490855549896033	0.0	0.0	0.0	0.0	0.0	0.0	0.0	0.0	0.0	0.0	0.0	0.0	0.0	0.0	0.0	0.0	0.0	0.0	0.0	0.0	0.0	0.0	0.0	0.0	0.0	0.0	0.0
Tzo-AMta_014-Ex1-7A-lcwgs-1-1.clmp.r1r2_fastp	98.57440158279968	1.389992440307369	0.03424663541058252	0.0012277923066534066	0.000131549175712865	0.0	0.0	0.0	0.0	0.0	0.0	0.0	0.0	0.0	0.0	0.0	0.0	0.0	0.0	0.0	0.0	0.0	0.0	0.0	0.0	0.0	0.0	0.0	0.0	0.0	0.0
Tzo-AMta_015-Ex1-7B-lcwgs-1-1.clmp.r1r2_fastp	98.55309259564908	1.4087740500446966	0.03636099796954427	0.0016061979301093432	0.00011077227104202368	5.538613552101184e-05	0.0	0.0	0.0	0.0	0.0	0.0	0.0	0.0	0.0	0.0	0.0	0.0	0.0	0.0	0.0	0.0	0.0	0.0	0.0	0.0	0.0	0.0	0.0	0.0	0.0
Tzo-AMta_016-Ex1-7C-lcwgs-1-1.clmp.r1r2_fastp	98.82444036901757	1.1524440329772065	0.022212951563599488	0.0008241554467059881	7.849099492437981e-05	0.0	0.0	0.0	0.0	0.0	0.0	0.0	0.0	0.0	0.0	0.0	0.0	0.0	0.0	0.0	0.0	0.0	0.0	0.0	0.0	0.0	0.0	0.0	0.0	0.0	0.0
Tzo-AMta_017-Ex1-7D-lcwgs-1-1.clmp.r1r2_fastp	98.81921351470503	1.15720984950047	0.02279475756662655	0.000781878227879011	0.0	0.0	0.0	0.0	0.0	0.0	0.0	0.0	0.0	0.0	0.0	0.0	0.0	0.0	0.0	0.0	0.0	0.0	0.0	0.0	0.0	0.0	0.0	0.0	0.0	0.0	0.0
Tzo-AMta_018-Ex1-7E-lcwgs-1-1.clmp.r1r2_fastp	99.03803413663424	0.9432607481000228	0.017981046287718464	0.0006436168693590502	8.045210866988128e-05	0.0	0.0	0.0	0.0	0.0	0.0	0.0	0.0	0.0	0.0	0.0	0.0	0.0	0.0	0.0	0.0	0.0	0.0	0.0	0.0	0.0	0.0	0.0	0.0	0.0	0.0
Tzo-AMta_019-Ex1-7F-lcwgs-1-1.clmp.r1r2_fastp	98.86628253879175	1.1094071013665405	0.02314120489077674	0.0010078921990756419	0.00012094706388907703	4.0315687963025675e-05	0.0	0.0	0.0	0.0	0.0	0.0	0.0	0.0	0.0	0.0	0.0	0.0	0.0	0.0	0.0	0.0	0.0	0.0	0.0	0.0	0.0	0.0	0.0	0.0	0.0
Tzo-AMta_020-Ex1-7G-lcwgs-1-1.clmp.r1r2_fastp	98.96612246932766	1.0160336798386833	0.017259370170513638	0.0005500994476657733	0.0	0.0	0.0	0.0	0.0	0.0	0.0	0.0	0.0	0.0	0.0	0.0	0.0	0.0	0.0	0.0	0.0	0.0	0.0	0.0	0.0	0.0	0.0	3.4381215479110834e-05	0.0	0.0	0.0
Tzo-AMta_021-Ex1-7H-lcwgs-1-1.clmp.r1r2_fastp	98.91684758130435	1.0641831912627167	0.018587936429257414	0.00033362962821744074	0.0	0.0	0.0	0.0	0.0	0.0	0.0	0.0	0.0	0.0	4.766137545963439e-05	0.0	0.0	0.0	0.0	0.0	0.0	0.0	0.0	0.0	0.0	0.0	0.0	0.0	0.0	0.0	0.0
Tzo-AMta_022-Ex1-8A-lcwgs-1-1.clmp.r1r2_fastp	98.60314824281716	1.363962755347787	0.031795656760566296	0.0010637952076025896	2.9549866877849714e-05	0.0	0.0	0.0	0.0	0.0	0.0	0.0	0.0	0.0	0.0	0.0	0.0	0.0	0.0	0.0	0.0	0.0	0.0	0.0	0.0	0.0	0.0	0.0	0.0	0.0	0.0
Tzo-AMta_023-Ex1-8B-lcwgs-1-1.clmp.r1r2_fastp	98.97048232963544	1.0103183482992417	0.018610837097798108	0.0005884849675193078	0.0	0.0	0.0	0.0	0.0	0.0	0.0	0.0	0.0	0.0	0.0	0.0	0.0	0.0	0.0	0.0	0.0	0.0	0.0	0.0	0.0	0.0	0.0	0.0	0.0	0.0	0.0
Tzo-AMta_024-Ex1-8C-lcwgs-1-1.clmp.r1r2_fastp	98.98887878174789	0.9911281958965715	0.019315967813623613	0.000637227804160779	3.9826737760048685e-05	0.0	0.0	0.0	0.0	0.0	0.0	0.0	0.0	0.0	0.0	0.0	0.0	0.0	0.0	0.0	0.0	0.0	0.0	0.0	0.0	0.0	0.0	0.0	0.0	0.0	0.0
Tzo-AMta_025-Ex1-1E-lcwgs-2-1.clmp.r1r2_fastp	99.10157862199786	0.8828048265711513	0.015088171871303178	0.0005283795596954421	0.0	0.0	0.0	0.0	0.0	0.0	0.0	0.0	0.0	0.0	0.0	0.0	0.0	0.0	0.0	0.0	0.0	0.0	0.0	0.0	0.0	0.0	0.0	0.0	0.0	0.0	0.0
Tzo-AMta_025-Ex1-8D-lcwgs-1-1.clmp.r1r2_fastp	99.12575402352405	0.8615075018215522	0.012391512309728328	0.0003469623446723932	0.0	0.0	0.0	0.0	0.0	0.0	0.0	0.0	0.0	0.0	0.0	0.0	0.0	0.0	0.0	0.0	0.0	0.0	0.0	0.0	0.0	0.0	0.0	0.0	0.0	0.0	0.0
Tzo-AMta_026-Ex1-8E-lcwgs-1-1.clmp.r1r2_fastp	99.12863673415741	0.8548940646344887	0.016073306948300566	0.0003958942598103587	0.0	0.0	0.0	0.0	0.0	0.0	0.0	0.0	0.0	0.0	0.0	0.0	0.0	0.0	0.0	0.0	0.0	0.0	0.0	0.0	0.0	0.0	0.0	0.0	0.0	0.0	0.0
Tzo-AMta_027-Ex1-1C-lcwgs-2-1.clmp.r1r2_fastp	99.52779023560947	0.4680378393600267	0.004171925030507202	0.0	0.0	0.0	0.0	0.0	0.0	0.0	0.0	0.0	0.0	0.0	0.0	0.0	0.0	0.0	0.0	0.0	0.0	0.0	0.0	0.0	0.0	0.0	0.0	0.0	0.0	0.0	0.0
Tzo-AMta_027-Ex1-8F-lcwgs-1-1.clmp.r1r2_fastp	99.14120005461564	0.8448357186301403	0.01380906867917034	0.0	0.0	0.0	0.00015515807504685772	0.0	0.0	0.0	0.0	0.0	0.0	0.0	0.0	0.0	0.0	0.0	0.0	0.0	0.0	0.0	0.0	0.0	0.0	0.0	0.0	0.0	0.0	0.0	0.0
Tzo-AMta_028-Ex1-8G-lcwgs-1-1.clmp.r1r2_fastp	99.00955626844207	0.9746794186740374	0.015522528943955451	0.0002417839399370008	0.0	0.0	0.0	0.0	0.0	0.0	0.0	0.0	0.0	0.0	0.0	0.0	0.0	0.0	0.0	0.0	0.0	0.0	0.0	0.0	0.0	0.0	0.0	0.0	0.0	0.0	0.0
Tzo-AMta_029-Ex1-8H-lcwgs-1-1.clmp.r1r2_fastp	99.16654074936567	0.8223750425461054	0.010665936084900851	0.0003659880029132645	0.0	0.0	0.0	0.0	0.0	0.0	0.0	0.0	0.0	0.0	0.0	0.0	0.0	0.0	0.0	0.0	0.0	0.0	0.0	0.0	0.0	5.228400041618064e-05	0.0	0.0	0.0	0.0	0.0
Tzo-AMta_030-Ex1-9A-lcwgs-1-1.clmp.r1r2_fastp	98.83912240755043	1.1373327092982188	0.022970617708623457	0.0005742654427155864	0.0	0.0	0.0	0.0	0.0	0.0	0.0	0.0	0.0	0.0	0.0	0.0	0.0	0.0	0.0	0.0	0.0	0.0	0.0	0.0	0.0	0.0	0.0	0.0	0.0	0.0	0.0
Tzo-AMta_031-Ex1-9B-lcwgs-1-1.clmp.r1r2_fastp	98.82025681301613	1.1545060342719284	0.024268895615325824	0.0009370229967307268	3.123409989102423e-05	0.0	0.0	0.0	0.0	0.0	0.0	0.0	0.0	0.0	0.0	0.0	0.0	0.0	0.0	0.0	0.0	0.0	0.0	0.0	0.0	0.0	0.0	0.0	0.0	0.0	0.0
Tzo-AMvi_001-Ex1-1A-lcwgs-1-1.clmp.r1r2_fastp	98.67757994075069	1.2888250923861588	0.03359496686314632	0.0	0.0	0.0	0.0	0.0	0.0	0.0	0.0	0.0	0.0	0.0	0.0	0.0	0.0	0.0	0.0	0.0	0.0	0.0	0.0	0.0	0.0	0.0	0.0	0.0	0.0	0.0	0.0
Tzo-AMvi_002-Ex1-1E-lcwgs-1-1.clmp.r1r2_fastp	98.66137031594417	1.30878030859662	0.029849375459221162	0.0	0.0	0.0	0.0	0.0	0.0	0.0	0.0	0.0	0.0	0.0	0.0	0.0	0.0	0.0	0.0	0.0	0.0	0.0	0.0	0.0	0.0	0.0	0.0	0.0	0.0	0.0	0.0
Tzo-AMvi_003-Ex1-2A-lcwgs-1-1.clmp.r1r2_fastp	98.52077454741448	1.4378111030087821	0.040027266098094545	0.0011889286959830064	0.00019815478266383435	0.0	0.0	0.0	0.0	0.0	0.0	0.0	0.0	0.0	0.0	0.0	0.0	0.0	0.0	0.0	0.0	0.0	0.0	0.0	0.0	0.0	0.0	0.0	0.0	0.0	0.0
Tzo-AMvi_004-Ex1-2E-lcwgs-1-1.clmp.r1r2_fastp	98.47407890446691	1.478969677208999	0.046951418324095204	0.0	0.0	0.0	0.0	0.0	0.0	0.0	0.0	0.0	0.0	0.0	0.0	0.0	0.0	0.0	0.0	0.0	0.0	0.0	0.0	0.0	0.0	0.0	0.0	0.0	0.0	0.0	0.0
Tzo-AMvi_005-Ex1-3A-lcwgs-1-1.clmp.r1r2_fastp	98.25977054620611	1.6911462662815482	0.04698077750356601	0.0019406861619373223	0.0001617238468281102	0.0	0.0	0.0	0.0	0.0	0.0	0.0	0.0	0.0	0.0	0.0	0.0	0.0	0.0	0.0	0.0	0.0	0.0	0.0	0.0	0.0	0.0	0.0	0.0	0.0	0.0
Tzo-AMvi_006-Ex1-1A-lcwgs-2-1.clmp.r1r2_fastp	96.37026136326003	3.4447913738830347	0.17246459635557088	0.010954176725686186	0.001273741479730952	0.00025474829594619036	0.0	0.0	0.0	0.0	0.0	0.0	0.0	0.0	0.0	0.0	0.0	0.0	0.0	0.0	0.0	0.0	0.0	0.0	0.0	0.0	0.0	0.0	0.0	0.0	0.0
Tzo-AMvi_007-Ex1-4A-lcwgs-1-1.clmp.r1r2_fastp	98.4499865915795	1.498167515866631	0.05005810315544829	0.0017877893984088672	0.0	0.0	0.0	0.0	0.0	0.0	0.0	0.0	0.0	0.0	0.0	0.0	0.0	0.0	0.0	0.0	0.0	0.0	0.0	0.0	0.0	0.0	0.0	0.0	0.0	0.0	0.0
Tzo-AMvi_008-Ex1-1B-lcwgs-2-1.clmp.r1r2_fastp	97.66742554332201	2.2479917148873394	0.0806977077188967	0.00344103017783466	0.00022200194695707484	0.00011100097347853742	0.0	0.0	0.0	0.0	0.0	0.0	0.0	0.0	0.0	0.0	0.0	0.0	0.0	0.0	0.0	0.0	0.0	0.0	0.0	0.0	0.0	0.0	0.0	0.0	0.00011100097347853742
Tzo-AMvi_009-Ex1-5A-lcwgs-1-1.clmp.r1r2_fastp	98.79397452911456	1.1804148913878605	0.025610579497566996	0.0	0.0	0.0	0.0	0.0	0.0	0.0	0.0	0.0	0.0	0.0	0.0	0.0	0.0	0.0	0.0	0.0	0.0	0.0	0.0	0.0	0.0	0.0	0.0	0.0	0.0	0.0	0.0
Tzo-AMvi_010-Ex1-5E-lcwgs-1-1.clmp.r1r2_fastp	98.46883079574835	1.4966963516230967	0.03447285262855501	0.0	0.0	0.0	0.0	0.0	0.0	0.0	0.0	0.0	0.0	0.0	0.0	0.0	0.0	0.0	0.0	0.0	0.0	0.0	0.0	0.0	0.0	0.0	0.0	0.0	0.0	0.0	0.0
Tzo-AMvi_011-Ex1-6A-lcwgs-1-1.clmp.r1r2_fastp	99.4070236039148	0.5814622913068509	0.011514104778353483	0.0	0.0	0.0	0.0	0.0	0.0	0.0	0.0	0.0	0.0	0.0	0.0	0.0	0.0	0.0	0.0	0.0	0.0	0.0	0.0	0.0	0.0	0.0	0.0	0.0	0.0	0.0	0.0
Tzo-AMvi_012-Ex1-6E-lcwgs-1-1.clmp.r1r2_fastp	98.64212410586298	1.32507006896355	0.030666314836077853	0.00213951033740078	0.0	0.0	0.0	0.0	0.0	0.0	0.0	0.0	0.0	0.0	0.0	0.0	0.0	0.0	0.0	0.0	0.0	0.0	0.0	0.0	0.0	0.0	0.0	0.0	0.0	0.0	0.0
Tzo-AMvi_013-Ex1-1B-lcwgs-1-1.clmp.r1r2_fastp	98.60339523250924	1.3545516920829552	0.03983975564949869	0.0022133197583054823	0.0	0.0	0.0	0.0	0.0	0.0	0.0	0.0	0.0	0.0	0.0	0.0	0.0	0.0	0.0	0.0	0.0	0.0	0.0	0.0	0.0	0.0	0.0	0.0	0.0	0.0	0.0
Tzo-AMvi_014-Ex1-1C-lcwgs-2-1.clmp.r1r2_fastp	99.84189723320158	0.15810276679841898	0.0	0.0	0.0	0.0	0.0	0.0	0.0	0.0	0.0	0.0	0.0	0.0	0.0	0.0	0.0	0.0	0.0	0.0	0.0	0.0	0.0	0.0	0.0	0.0	0.0	0.0	0.0	0.0	0.0
Tzo-AMvi_015-Ex1-2B-lcwgs-1-1.clmp.r1r2_fastp	98.22188066257549	1.726131950016764	0.05085722681192997	0.001130160595820666	0.0	0.0	0.0	0.0	0.0	0.0	0.0	0.0	0.0	0.0	0.0	0.0	0.0	0.0	0.0	0.0	0.0	0.0	0.0	0.0	0.0	0.0	0.0	0.0	0.0	0.0	0.0
Tzo-AMvi_016-Ex1-2F-lcwgs-1-1.clmp.r1r2_fastp	98.41365717192268	1.5513733468972533	0.03179043743641913	0.0031790437436419123	0.0	0.0	0.0	0.0	0.0	0.0	0.0	0.0	0.0	0.0	0.0	0.0	0.0	0.0	0.0	0.0	0.0	0.0	0.0	0.0	0.0	0.0	0.0	0.0	0.0	0.0	0.0
Tzo-AMvi_017-Ex1-3B-lcwgs-1-1.clmp.r1r2_fastp	98.24769656887683	1.6807039360880298	0.06783110055960659	0.003768394475533699	0.0	0.0	0.0	0.0	0.0	0.0	0.0	0.0	0.0	0.0	0.0	0.0	0.0	0.0	0.0	0.0	0.0	0.0	0.0	0.0	0.0	0.0	0.0	0.0	0.0	0.0	0.0
Tzo-AMvi_018-Ex1-3F-lcwgs-1-1.clmp.r1r2_fastp	98.28698625717787	1.6484934511903995	0.054842247886960446	0.006452029163171818	0.003226014581585909	0.0	0.0	0.0	0.0	0.0	0.0	0.0	0.0	0.0	0.0	0.0	0.0	0.0	0.0	0.0	0.0	0.0	0.0	0.0	0.0	0.0	0.0	0.0	0.0	0.0	0.0
Tzo-AMvi_019-Ex1-1D-lcwgs-2-1.clmp.r1r2_fastp	99.92124744054182	0.0787525594581824	0.0	0.0	0.0	0.0	0.0	0.0	0.0	0.0	0.0	0.0	0.0	0.0	0.0	0.0	0.0	0.0	0.0	0.0	0.0	0.0	0.0	0.0	0.0	0.0	0.0	0.0	0.0	0.0	0.0
Tzo-AMvi_020-Ex1-4F-lcwgs-1-1.clmp.r1r2_fastp	98.33338311281025	1.6158418207341478	0.03882799199546011	0.00896030584510618	0.002986768615035393	0.0	0.0	0.0	0.0	0.0	0.0	0.0	0.0	0.0	0.0	0.0	0.0	0.0	0.0	0.0	0.0	0.0	0.0	0.0	0.0	0.0	0.0	0.0	0.0	0.0	0.0
Tzo-AMvi_021-Ex1-1E-lcwgs-2-1.clmp.r1r2_fastp	97.2137609951619	2.675660393705455	0.10385269561014314	0.006383919817967086	0.00034199570453395103	0.0	0.0	0.0	0.0	0.0	0.0	0.0	0.0	0.0	0.0	0.0	0.0	0.0	0.0	0.0	0.0	0.0	0.0	0.0	0.0	0.0	0.0	0.0	0.0	0.0	0.0
Tzo-AMvi_022-Ex1-5F-lcwgs-1-1.clmp.r1r2_fastp	97.94528627652844	1.9946594601550687	0.055764673079604074	0.0032171926776694655	0.001072397559223155	0.0	0.0	0.0	0.0	0.0	0.0	0.0	0.0	0.0	0.0	0.0	0.0	0.0	0.0	0.0	0.0	0.0	0.0	0.0	0.0	0.0	0.0	0.0	0.0	0.0	0.0
Tzo-AMvi_023-Ex1-6B-lcwgs-1-1.clmp.r1r2_fastp	98.83950942898589	1.1275220888830277	0.026374785704866146	0.0065936964262165365	0.0	0.0	0.0	0.0	0.0	0.0	0.0	0.0	0.0	0.0	0.0	0.0	0.0	0.0	0.0	0.0	0.0	0.0	0.0	0.0	0.0	0.0	0.0	0.0	0.0	0.0	0.0
Tzo-AMvi_024-Ex1-6F-lcwgs-1-1.clmp.r1r2_fastp	98.42511918461285	1.5362485615650172	0.03863225382212724	0.0	0.0	0.0	0.0	0.0	0.0	0.0	0.0	0.0	0.0	0.0	0.0	0.0	0.0	0.0	0.0	0.0	0.0	0.0	0.0	0.0	0.0	0.0	0.0	0.0	0.0	0.0	0.0
Tzo-AMvi_025-Ex1-1C-lcwgs-1-1.clmp.r1r2_fastp	98.68486056455596	1.2849014497197662	0.028960324355632783	0.0008517742457539054	0.0004258871228769527	0.0	0.0	0.0	0.0	0.0	0.0	0.0	0.0	0.0	0.0	0.0	0.0	0.0	0.0	0.0	0.0	0.0	0.0	0.0	0.0	0.0	0.0	0.0	0.0	0.0	0.0
Tzo-AMvi_026-Ex1-1G-lcwgs-1-1.clmp.r1r2_fastp	98.67711805126939	1.292021561124141	0.02880302843270378	0.0020573591737645556	0.0	0.0	0.0	0.0	0.0	0.0	0.0	0.0	0.0	0.0	0.0	0.0	0.0	0.0	0.0	0.0	0.0	0.0	0.0	0.0	0.0	0.0	0.0	0.0	0.0	0.0	0.0
Tzo-AMvi_027-Ex1-2C-lcwgs-1-1.clmp.r1r2_fastp	98.52749636233835	1.4343558750279297	0.03596789048322316	0.002179872150498373	0.0	0.0	0.0	0.0	0.0	0.0	0.0	0.0	0.0	0.0	0.0	0.0	0.0	0.0	0.0	0.0	0.0	0.0	0.0	0.0	0.0	0.0	0.0	0.0	0.0	0.0	0.0
Tzo-AMvi_028-Ex1-2G-lcwgs-1-1.clmp.r1r2_fastp	98.710420775077	1.2637285531748317	0.025850671748170143	0.0	0.0	0.0	0.0	0.0	0.0	0.0	0.0	0.0	0.0	0.0	0.0	0.0	0.0	0.0	0.0	0.0	0.0	0.0	0.0	0.0	0.0	0.0	0.0	0.0	0.0	0.0	0.0
Tzo-AMvi_029-Ex1-3C-lcwgs-1-1.clmp.r1r2_fastp	98.87768379960963	1.0897852960312295	0.03253090435914119	0.0	0.0	0.0	0.0	0.0	0.0	0.0	0.0	0.0	0.0	0.0	0.0	0.0	0.0	0.0	0.0	0.0	0.0	0.0	0.0	0.0	0.0	0.0	0.0	0.0	0.0	0.0	0.0
Tzo-AMvi_030-Ex1-3G-lcwgs-1-1.clmp.r1r2_fastp	98.22830848924035	1.7237483812305405	0.04739205907475271	0.0005510704543575896	0.0	0.0	0.0	0.0	0.0	0.0	0.0	0.0	0.0	0.0	0.0	0.0	0.0	0.0	0.0	0.0	0.0	0.0	0.0	0.0	0.0	0.0	0.0	0.0	0.0	0.0	0.0
Tzo-AMvi_031-Ex1-4C-lcwgs-1-1.clmp.r1r2_fastp	98.67668370070933	1.292807566165815	0.030508733124856992	0.0	0.0	0.0	0.0	0.0	0.0	0.0	0.0	0.0	0.0	0.0	0.0	0.0	0.0	0.0	0.0	0.0	0.0	0.0	0.0	0.0	0.0	0.0	0.0	0.0	0.0	0.0	0.0
Tzo-AMvi_032-Ex1-4G-lcwgs-1-1.clmp.r1r2_fastp	98.58242404659525	1.3836071549888564	0.03314029113745764	0.0008285072784364411	0.0	0.0	0.0	0.0	0.0	0.0	0.0	0.0	0.0	0.0	0.0	0.0	0.0	0.0	0.0	0.0	0.0	0.0	0.0	0.0	0.0	0.0	0.0	0.0	0.0	0.0	0.0
Tzo-AMvi_033-Ex1-5C-lcwgs-1-1.clmp.r1r2_fastp	98.137436258821	1.7901361443070931	0.07144884556283093	0.0009787513090798758	0.0	0.0	0.0	0.0	0.0	0.0	0.0	0.0	0.0	0.0	0.0	0.0	0.0	0.0	0.0	0.0	0.0	0.0	0.0	0.0	0.0	0.0	0.0	0.0	0.0	0.0	0.0
Tzo-AMvi_034-Ex1-5G-lcwgs-1-1.clmp.r1r2_fastp	98.51786412461163	1.4487087271717947	0.033427148216572104	0.0	0.0	0.0	0.0	0.0	0.0	0.0	0.0	0.0	0.0	0.0	0.0	0.0	0.0	0.0	0.0	0.0	0.0	0.0	0.0	0.0	0.0	0.0	0.0	0.0	0.0	0.0	0.0
Tzo-AMvi_035-Ex1-6C-lcwgs-1-1.clmp.r1r2_fastp	98.56379559697895	1.398039530772939	0.036156194761369116	0.0020086774867427285	0.0	0.0	0.0	0.0	0.0	0.0	0.0	0.0	0.0	0.0	0.0	0.0	0.0	0.0	0.0	0.0	0.0	0.0	0.0	0.0	0.0	0.0	0.0	0.0	0.0	0.0	0.0
Tzo-AMvi_036-Ex1-6G-lcwgs-1-1.clmp.r1r2_fastp	98.38315375561045	1.5612267335825432	0.05173907982046539	0.003880430986534905	0.0	0.0	0.0	0.0	0.0	0.0	0.0	0.0	0.0	0.0	0.0	0.0	0.0	0.0	0.0	0.0	0.0	0.0	0.0	0.0	0.0	0.0	0.0	0.0	0.0	0.0	0.0
Tzo-AMvi_037-Ex1-1D-lcwgs-1-1.clmp.r1r2_fastp	99.20606790954845	0.7584886935563905	0.03544339689515843	0.0	0.0	0.0	0.0	0.0	0.0	0.0	0.0	0.0	0.0	0.0	0.0	0.0	0.0	0.0	0.0	0.0	0.0	0.0	0.0	0.0	0.0	0.0	0.0	0.0	0.0	0.0	0.0
Tzo-AMvi_038-Ex1-1H-lcwgs-1-1.clmp.r1r2_fastp	98.57649847435209	1.3829048860020168	0.04059663964589254	0.0	0.0	0.0	0.0	0.0	0.0	0.0	0.0	0.0	0.0	0.0	0.0	0.0	0.0	0.0	0.0	0.0	0.0	0.0	0.0	0.0	0.0	0.0	0.0	0.0	0.0	0.0	0.0
Tzo-AMvi_039-Ex1-2D-lcwgs-1-1.clmp.r1r2_fastp	98.89607317457815	1.0802712505913894	0.02365557483046838	0.0	0.0	0.0	0.0	0.0	0.0	0.0	0.0	0.0	0.0	0.0	0.0	0.0	0.0	0.0	0.0	0.0	0.0	0.0	0.0	0.0	0.0	0.0	0.0	0.0	0.0	0.0	0.0
Tzo-AMvi_040-Ex1-2H-lcwgs-1-1.clmp.r1r2_fastp	98.85305898965447	1.106596351690153	0.04034465865537016	0.0	0.0	0.0	0.0	0.0	0.0	0.0	0.0	0.0	0.0	0.0	0.0	0.0	0.0	0.0	0.0	0.0	0.0	0.0	0.0	0.0	0.0	0.0	0.0	0.0	0.0	0.0	0.0
Tzo-AMvi_041-Ex1-3D-lcwgs-1-1.clmp.r1r2_fastp	99.84162179284131	0.12670256572695598	0.031675641431738996	0.0	0.0	0.0	0.0	0.0	0.0	0.0	0.0	0.0	0.0	0.0	0.0	0.0	0.0	0.0	0.0	0.0	0.0	0.0	0.0	0.0	0.0	0.0	0.0	0.0	0.0	0.0	0.0
Tzo-AMvi_042-Ex1-3H-lcwgs-1-1.clmp.r1r2_fastp	98.32584136358243	1.6306568765736433	0.042183524697135474	0.0013182351467854836	0.0	0.0	0.0	0.0	0.0	0.0	0.0	0.0	0.0	0.0	0.0	0.0	0.0	0.0	0.0	0.0	0.0	0.0	0.0	0.0	0.0	0.0	0.0	0.0	0.0	0.0	0.0
Tzo-AMvi_043-Ex1-4D-lcwgs-1-1.clmp.r1r2_fastp	98.61046866616093	1.367328436360945	0.022202897478120893	0.0	0.0	0.0	0.0	0.0	0.0	0.0	0.0	0.0	0.0	0.0	0.0	0.0	0.0	0.0	0.0	0.0	0.0	0.0	0.0	0.0	0.0	0.0	0.0	0.0	0.0	0.0	0.0
Tzo-AMvi_044-Ex1-4H-lcwgs-1-1.clmp.r1r2_fastp	98.49786415058912	1.464582453175609	0.03755339623527203	0.0	0.0	0.0	0.0	0.0	0.0	0.0	0.0	0.0	0.0	0.0	0.0	0.0	0.0	0.0	0.0	0.0	0.0	0.0	0.0	0.0	0.0	0.0	0.0	0.0	0.0	0.0	0.0
Tzo-AMvi_045-Ex1-5D-lcwgs-1-1.clmp.r1r2_fastp	98.60987292425318	1.3599069219262325	0.028709146129553803	0.0015110076910291475	0.0	0.0	0.0	0.0	0.0	0.0	0.0	0.0	0.0	0.0	0.0	0.0	0.0	0.0	0.0	0.0	0.0	0.0	0.0	0.0	0.0	0.0	0.0	0.0	0.0	0.0	0.0
Tzo-AMvi_046-Ex1-5H-lcwgs-1-1.clmp.r1r2_fastp	98.4102357016854	1.540881171494761	0.046757773479841024	0.0021253533399927735	0.0	0.0	0.0	0.0	0.0	0.0	0.0	0.0	0.0	0.0	0.0	0.0	0.0	0.0	0.0	0.0	0.0	0.0	0.0	0.0	0.0	0.0	0.0	0.0	0.0	0.0	0.0
Tzo-AMvi_047-Ex1-6D-lcwgs-1-1.clmp.r1r2_fastp	98.6017992155974	1.3616876617122136	0.034939281195112276	0.0015738414952753278	0.0	0.0	0.0	0.0	0.0	0.0	0.0	0.0	0.0	0.0	0.0	0.0	0.0	0.0	0.0	0.0	0.0	0.0	0.0	0.0	0.0	0.0	0.0	0.0	0.0	0.0	0.0
Tzo-AMvi_048-Ex1-6H-lcwgs-1-1.clmp.r1r2_fastp	98.57488124010334	1.3987276717504236	0.025002083506958917	0.0013890046392754953	0.0	0.0	0.0	0.0	0.0	0.0	0.0	0.0	0.0	0.0	0.0	0.0	0.0	0.0	0.0	0.0	0.0	0.0	0.0	0.0	0.0	0.0	0.0	0.0	0.0	0.0	0.0
Tzo-CMal_001-Ex1-3F-lcwgs-1-1.clmp.r1r2_fastp	97.52622574011026	2.3814873062233204	0.08813922541174844	0.004147728254670515	0.0	0.0	0.0	0.0	0.0	0.0	0.0	0.0	0.0	0.0	0.0	0.0	0.0	0.0	0.0	0.0	0.0	0.0	0.0	0.0	0.0	0.0	0.0	0.0	0.0	0.0	0.0
Tzo-CMal_002-Ex1-3G-lcwgs-1-1.clmp.r1r2_fastp	96.76160666232332	3.1116335722176585	0.12038636943036002	0.006373396028666119	0.0	0.0	0.0	0.0	0.0	0.0	0.0	0.0	0.0	0.0	0.0	0.0	0.0	0.0	0.0	0.0	0.0	0.0	0.0	0.0	0.0	0.0	0.0	0.0	0.0	0.0	0.0
Tzo-CMal_003-Ex1-3H-lcwgs-1-1.clmp.r1r2_fastp	96.62308805291443	3.239329268292683	0.1304774700289376	0.005813352625051674	0.000645928069450186	0.000645928069450186	0.0	0.0	0.0	0.0	0.0	0.0	0.0	0.0	0.0	0.0	0.0	0.0	0.0	0.0	0.0	0.0	0.0	0.0	0.0	0.0	0.0	0.0	0.0	0.0	0.0
Tzo-CMal_004-Ex1-4A-lcwgs-1-1.clmp.r1r2_fastp	96.40872243715455	3.4208578470648385	0.16177155109920716	0.007885091327162613	0.0007630733542415432	0.0	0.0	0.0	0.0	0.0	0.0	0.0	0.0	0.0	0.0	0.0	0.0	0.0	0.0	0.0	0.0	0.0	0.0	0.0	0.0	0.0	0.0	0.0	0.0	0.0	0.0
Tzo-CMal_005-Ex1-4B-lcwgs-1-1.clmp.r1r2_fastp	97.51716495217904	2.3908068129803177	0.08624635621190585	0.004818232190609266	0.0009636464381218531	0.0	0.0	0.0	0.0	0.0	0.0	0.0	0.0	0.0	0.0	0.0	0.0	0.0	0.0	0.0	0.0	0.0	0.0	0.0	0.0	0.0	0.0	0.0	0.0	0.0	0.0
Tzo-CMal_006-Ex1-4C-lcwgs-1-1.clmp.r1r2_fastp	97.29797033413547	2.5937906820781884	0.10404749694268019	0.0036983707444080633	0.0004931160992544084	0.0	0.0	0.0	0.0	0.0	0.0	0.0	0.0	0.0	0.0	0.0	0.0	0.0	0.0	0.0	0.0	0.0	0.0	0.0	0.0	0.0	0.0	0.0	0.0	0.0	0.0
Tzo-CMal_007-Ex1-4D-lcwgs-1-1.clmp.r1r2_fastp	97.49535731296794	2.411253766329682	0.08991025030371468	0.0029434903373239925	0.00026759003066581755	0.0	0.0	0.0	0.0	0.0	0.0	0.00026759003066581755	0.0	0.0	0.0	0.0	0.0	0.0	0.0	0.0	0.0	0.0	0.0	0.0	0.0	0.0	0.0	0.0	0.0	0.0	0.0
Tzo-CMal_008-Ex1-4E-lcwgs-1-1.clmp.r1r2_fastp	97.29001707493	2.5987309944618544	0.10473167093879514	0.006112743440007498	0.0004075162293338332	0.0	0.0	0.0	0.0	0.0	0.0	0.0	0.0	0.0	0.0	0.0	0.0	0.0	0.0	0.0	0.0	0.0	0.0	0.0	0.0	0.0	0.0	0.0	0.0	0.0	0.0
Tzo-CMal_009-Ex1-4F-lcwgs-1-1.clmp.r1r2_fastp	97.44837621728952	2.460129357543667	0.08906106279534935	0.0024333623714576326	0.0	0.0	0.0	0.0	0.0	0.0	0.0	0.0	0.0	0.0	0.0	0.0	0.0	0.0	0.0	0.0	0.0	0.0	0.0	0.0	0.0	0.0	0.0	0.0	0.0	0.0	0.0
Tzo-CMal_010-Ex1-4G-lcwgs-1-1.clmp.r1r2_fastp	97.0458938509003	2.8430558048853802	0.10645803674680938	0.004174824970463113	0.00041748249704631133	0.0	0.0	0.0	0.0	0.0	0.0	0.0	0.0	0.0	0.0	0.0	0.0	0.0	0.0	0.0	0.0	0.0	0.0	0.0	0.0	0.0	0.0	0.0	0.0	0.0	0.0
Tzo-CMal_011-Ex1-4H-lcwgs-1-1.clmp.r1r2_fastp	96.9483416653228	2.9199591463742407	0.12524861581465355	0.006450572488308337	0.0	0.0	0.0	0.0	0.0	0.0	0.0	0.0	0.0	0.0	0.0	0.0	0.0	0.0	0.0	0.0	0.0	0.0	0.0	0.0	0.0	0.0	0.0	0.0	0.0	0.0	0.0
Tzo-CMal_012-Ex1-5A-lcwgs-1-1.clmp.r1r2_fastp	96.55449487864404	3.2942906009185773	0.14352768222610834	0.007206410823068202	0.00048042738820454676	0.0	0.0	0.0	0.0	0.0	0.0	0.0	0.0	0.0	0.0	0.0	0.0	0.0	0.0	0.0	0.0	0.0	0.0	0.0	0.0	0.0	0.0	0.0	0.0	0.0	0.0
Tzo-CMal_013-Ex1-5B-lcwgs-1-1.clmp.r1r2_fastp	97.2523308559685	2.6319180394820467	0.1098543501667471	0.005023161140825415	0.0008735932418826808	0.0	0.0	0.0	0.0	0.0	0.0	0.0	0.0	0.0	0.0	0.0	0.0	0.0	0.0	0.0	0.0	0.0	0.0	0.0	0.0	0.0	0.0	0.0	0.0	0.0	0.0
Tzo-CMal_014-Ex1-5C-lcwgs-1-1.clmp.r1r2_fastp	97.1368618973107	2.7471049951405844	0.11158658335433082	0.004446524194385099	0.0	0.0	0.0	0.0	0.0	0.0	0.0	0.0	0.0	0.0	0.0	0.0	0.0	0.0	0.0	0.0	0.0	0.0	0.0	0.0	0.0	0.0	0.0	0.0	0.0	0.0	0.0
Tzo-CMal_015-Ex1-5D-lcwgs-1-1.clmp.r1r2_fastp	97.3886976275791	2.5125490838973588	0.09367900887608609	0.004683950443804304	0.0003903292036503587	0.0	0.0	0.0	0.0	0.0	0.0	0.0	0.0	0.0	0.0	0.0	0.0	0.0	0.0	0.0	0.0	0.0	0.0	0.0	0.0	0.0	0.0	0.0	0.0	0.0	0.0
Tzo-CMal_016-Ex1-5E-lcwgs-1-1.clmp.r1r2_fastp	97.57935932743877	2.337295260182635	0.07851379426970093	0.004831618108904672	0.0	0.0	0.0	0.0	0.0	0.0	0.0	0.0	0.0	0.0	0.0	0.0	0.0	0.0	0.0	0.0	0.0	0.0	0.0	0.0	0.0	0.0	0.0	0.0	0.0	0.0	0.0
Tzo-CMal_017-Ex1-5F-lcwgs-1-1.clmp.r1r2_fastp	97.55824585421423	2.3505693429198122	0.0879371249556567	0.0029978565325792057	0.0002498213777149338	0.0	0.0	0.0	0.0	0.0	0.0	0.0	0.0	0.0	0.0	0.0	0.0	0.0	0.0	0.0	0.0	0.0	0.0	0.0	0.0	0.0	0.0	0.0	0.0	0.0	0.0
Tzo-CMal_018-Ex1-5G-lcwgs-1-1.clmp.r1r2_fastp	97.80778222451163	2.12122412859426	0.06967283485887124	0.0009906090264294488	0.00033020300880981626	0.0	0.0	0.0	0.0	0.0	0.0	0.0	0.0	0.0	0.0	0.0	0.0	0.0	0.0	0.0	0.0	0.0	0.0	0.0	0.0	0.0	0.0	0.0	0.0	0.0	0.0
Tzo-CMal_019-Ex1-5H-lcwgs-1-1.clmp.r1r2_fastp	96.94443648040368	2.9423148599443794	0.10823131397115743	0.005017345680782132	0.0	0.0	0.0	0.0	0.0	0.0	0.0	0.0	0.0	0.0	0.0	0.0	0.0	0.0	0.0	0.0	0.0	0.0	0.0	0.0	0.0	0.0	0.0	0.0	0.0	0.0	0.0
Tzo-CMal_020-Ex1-6A-lcwgs-1-1.clmp.r1r2_fastp	96.96261022245943	2.9153292289668564	0.11522158970112262	0.006541612834644381	0.000297346037938381	0.0	0.0	0.0	0.0	0.0	0.0	0.0	0.0	0.0	0.0	0.0	0.0	0.0	0.0	0.0	0.0	0.0	0.0	0.0	0.0	0.0	0.0	0.0	0.0	0.0	0.0
Tzo-CMal_021-Ex1-6B-lcwgs-1-1.clmp.r1r2_fastp	97.69522452544008	2.224111780116744	0.0774463391092522	0.002987544238635841	0.0	0.0	0.0002298110952796801	0.0	0.0	0.0	0.0	0.0	0.0	0.0	0.0	0.0	0.0	0.0	0.0	0.0	0.0	0.0	0.0	0.0	0.0	0.0	0.0	0.0	0.0	0.0	0.0
Tzo-CMal_022-Ex1-6C-lcwgs-1-1.clmp.r1r2_fastp	97.07063079548983	2.809394412077585	0.11391174779204125	0.005879316015073096	0.00018372862547103426	0.0	0.0	0.0	0.0	0.0	0.0	0.0	0.0	0.0	0.0	0.0	0.0	0.0	0.0	0.0	0.0	0.0	0.0	0.0	0.0	0.0	0.0	0.0	0.0	0.0	0.0
Tzo-CMal_023-Ex1-6D-lcwgs-1-1.clmp.r1r2_fastp	97.86921884027123	2.0557768520489352	0.07272377129767589	0.0020271434508062963	0.00025339293135078704	0.0	0.0	0.0	0.0	0.0	0.0	0.0	0.0	0.0	0.0	0.0	0.0	0.0	0.0	0.0	0.0	0.0	0.0	0.0	0.0	0.0	0.0	0.0	0.0	0.0	0.0
Tzo-CMal_024-Ex1-6E-lcwgs-1-1.clmp.r1r2_fastp	99.8481057898499	0.15189421015010723	0.0	0.0	0.0	0.0	0.0	0.0	0.0	0.0	0.0	0.0	0.0	0.0	0.0	0.0	0.0	0.0	0.0	0.0	0.0	0.0	0.0	0.0	0.0	0.0	0.0	0.0	0.0	0.0	0.0
Tzo-CMal_025-Ex1-6F-lcwgs-1-1.clmp.r1r2_fastp	97.92142474742266	2.0019548037583315	0.07465582192621845	0.001964626892795222	0.0	0.0	0.0	0.0	0.0	0.0	0.0	0.0	0.0	0.0	0.0	0.0	0.0	0.0	0.0	0.0	0.0	0.0	0.0	0.0	0.0	0.0	0.0	0.0	0.0	0.0	0.0
Tzo-CMal_026-Ex1-6G-lcwgs-1-1.clmp.r1r2_fastp	97.71362116809892	2.2057779330091383	0.07714657465370399	0.003454324238225552	0.0	0.0	0.0	0.0	0.0	0.0	0.0	0.0	0.0	0.0	0.0	0.0	0.0	0.0	0.0	0.0	0.0	0.0	0.0	0.0	0.0	0.0	0.0	0.0	0.0	0.0	0.0
Tzo-CMal_027-Ex1-6H-lcwgs-1-1.clmp.r1r2_fastp	97.68807180332134	2.2356154880111	0.07197675931145124	0.004335949356111521	0.0	0.0	0.0	0.0	0.0	0.0	0.0	0.0	0.0	0.0	0.0	0.0	0.0	0.0	0.0	0.0	0.0	0.0	0.0	0.0	0.0	0.0	0.0	0.0	0.0	0.0	0.0
Tzo-CMal_028-Ex1-7A-lcwgs-1-1.clmp.r1r2_fastp	97.1118273106936	2.762521114646051	0.12098821725027721	0.004404281998404096	0.00025907541167082915	0.0	0.0	0.0	0.0	0.0	0.0	0.0	0.0	0.0	0.0	0.0	0.0	0.0	0.0	0.0	0.0	0.0	0.0	0.0	0.0	0.0	0.0	0.0	0.0	0.0	0.0
Tzo-CMal_029-Ex1-7B-lcwgs-1-1.clmp.r1r2_fastp	97.95464028304097	1.9667689775201909	0.07659024788948142	0.002000491549352127	0.0	0.0	0.0	0.0	0.0	0.0	0.0	0.0	0.0	0.0	0.0	0.0	0.0	0.0	0.0	0.0	0.0	0.0	0.0	0.0	0.0	0.0	0.0	0.0	0.0	0.0	0.0
Tzo-CMal_030-Ex1-7C-lcwgs-1-1.clmp.r1r2_fastp	97.33028605871864	2.5742773187332046	0.08957647905835867	0.0055810890379039664	0.0002790544518951983	0.0	0.0	0.0	0.0	0.0	0.0	0.0	0.0	0.0	0.0	0.0	0.0	0.0	0.0	0.0	0.0	0.0	0.0	0.0	0.0	0.0	0.0	0.0	0.0	0.0	0.0
Tzo-CMal_031-Ex1-7D-lcwgs-1-1.clmp.r1r2_fastp	97.84469406720251	2.071751145311965	0.07825619120596052	0.004891011950372532	0.000407584329197711	0.0	0.0	0.0	0.0	0.0	0.0	0.0	0.0	0.0	0.0	0.0	0.0	0.0	0.0	0.0	0.0	0.0	0.0	0.0	0.0	0.0	0.0	0.0	0.0	0.0	0.0
Tzo-CMal_032-Ex1-7E-lcwgs-1-1.clmp.r1r2_fastp	97.94193173511275	1.9784071526306912	0.07544375925474686	0.004217353001818147	0.0	0.0	0.0	0.0	0.0	0.0	0.0	0.0	0.0	0.0	0.0	0.0	0.0	0.0	0.0	0.0	0.0	0.0	0.0	0.0	0.0	0.0	0.0	0.0	0.0	0.0	0.0
Tzo-CMal_033-Ex1-7F-lcwgs-1-1.clmp.r1r2_fastp	98.15451558767417	1.7935528308178406	0.04974498860238447	0.0016399446791994885	0.0005466482263998294	0.0	0.0	0.0	0.0	0.0	0.0	0.0	0.0	0.0	0.0	0.0	0.0	0.0	0.0	0.0	0.0	0.0	0.0	0.0	0.0	0.0	0.0	0.0	0.0	0.0	0.0
Tzo-CMal_034-Ex1-7G-lcwgs-1-1.clmp.r1r2_fastp	98.04472106715633	1.8938928893609979	0.05871708507038043	0.0026689584122900198	0.0	0.0	0.0	0.0	0.0	0.0	0.0	0.0	0.0	0.0	0.0	0.0	0.0	0.0	0.0	0.0	0.0	0.0	0.0	0.0	0.0	0.0	0.0	0.0	0.0	0.0	0.0
Tzo-CMal_035-Ex1-7H-lcwgs-1-1.clmp.r1r2_fastp	97.39376090549037	2.514840699059243	0.08724392292991867	0.0036928644626420598	0.00046160805783025747	0.0	0.0	0.0	0.0	0.0	0.0	0.0	0.0	0.0	0.0	0.0	0.0	0.0	0.0	0.0	0.0	0.0	0.0	0.0	0.0	0.0	0.0	0.0	0.0	0.0	0.0
Tzo-CMal_036-Ex1-8A-lcwgs-1-1.clmp.r1r2_fastp	97.24813486397618	2.6416221037279755	0.10373563108394164	0.005741824598742158	0.000765576613165621	0.0	0.0	0.0	0.0	0.0	0.0	0.0	0.0	0.0	0.0	0.0	0.0	0.0	0.0	0.0	0.0	0.0	0.0	0.0	0.0	0.0	0.0	0.0	0.0	0.0	0.0
Tzo-CMal_037-Ex1-8B-lcwgs-1-1.clmp.r1r2_fastp	97.79541314060502	2.137580092353736	0.06486597576196114	0.002140791279272645	0.0	0.0	0.0	0.0	0.0	0.0	0.0	0.0	0.0	0.0	0.0	0.0	0.0	0.0	0.0	0.0	0.0	0.0	0.0	0.0	0.0	0.0	0.0	0.0	0.0	0.0	0.0
Tzo-CMal_038-Ex1-8C-lcwgs-1-1.clmp.r1r2_fastp	97.92033641799192	2.009576500359739	0.06574540402411493	0.004341677624234003	0.0	0.0	0.0	0.0	0.0	0.0	0.0	0.0	0.0	0.0	0.0	0.0	0.0	0.0	0.0	0.0	0.0	0.0	0.0	0.0	0.0	0.0	0.0	0.0	0.0	0.0	0.0
Tzo-CMal_039-Ex1-8D-lcwgs-1-1.clmp.r1r2_fastp	99.71267425774182	0.2766840481004576	0.010641694157709908	0.0	0.0	0.0	0.0	0.0	0.0	0.0	0.0	0.0	0.0	0.0	0.0	0.0	0.0	0.0	0.0	0.0	0.0	0.0	0.0	0.0	0.0	0.0	0.0	0.0	0.0	0.0	0.0
Tzo-CMal_040-Ex1-8E-lcwgs-1-1.clmp.r1r2_fastp	97.63744289924091	2.283185990154605	0.07599361653621095	0.0033774940682760424	0.0	0.0	0.0	0.0	0.0	0.0	0.0	0.0	0.0	0.0	0.0	0.0	0.0	0.0	0.0	0.0	0.0	0.0	0.0	0.0	0.0	0.0	0.0	0.0	0.0	0.0	0.0
Tzo-CMal_041-Ex1-8F-lcwgs-1-1.clmp.r1r2_fastp	99.93197278911565	0.05442176870748299	0.013605442176870748	0.0	0.0	0.0	0.0	0.0	0.0	0.0	0.0	0.0	0.0	0.0	0.0	0.0	0.0	0.0	0.0	0.0	0.0	0.0	0.0	0.0	0.0	0.0	0.0	0.0	0.0	0.0	0.0
Tzo-CMal_042-Ex1-8G-lcwgs-1-1.clmp.r1r2_fastp	97.89843884028136	2.028875585773492	0.07133118436853844	0.0013543895766178183	0.0	0.0	0.0	0.0	0.0	0.0	0.0	0.0	0.0	0.0	0.0	0.0	0.0	0.0	0.0	0.0	0.0	0.0	0.0	0.0	0.0	0.0	0.0	0.0	0.0	0.0	0.0
Tzo-CMal_043-Ex1-8H-lcwgs-1-1.clmp.r1r2_fastp	97.03521030278121	2.8332648307987394	0.12056446088505275	0.010960405535004795	0.0	0.0	0.0	0.0	0.0	0.0	0.0	0.0	0.0	0.0	0.0	0.0	0.0	0.0	0.0	0.0	0.0	0.0	0.0	0.0	0.0	0.0	0.0	0.0	0.0	0.0	0.0
Tzo-CMal_044-Ex1-9A-lcwgs-1-1.clmp.r1r2_fastp	96.48927561841208	3.3384801303194482	0.16311169540589962	0.008920170842510136	0.00021238502005976515	0.0	0.0	0.0	0.0	0.0	0.0	0.0	0.0	0.0	0.0	0.0	0.0	0.0	0.0	0.0	0.0	0.0	0.0	0.0	0.0	0.0	0.0	0.0	0.0	0.0	0.0
Tzo-CMal_045-Ex1-9B-lcwgs-1-1.clmp.r1r2_fastp	96.8236698020497	3.009616734521971	0.15793907061631335	0.008774392812017409	0.0	0.0	0.0	0.0	0.0	0.0	0.0	0.0	0.0	0.0	0.0	0.0	0.0	0.0	0.0	0.0	0.0	0.0	0.0	0.0	0.0	0.0	0.0	0.0	0.0	0.0	0.0
Tzo-CMal_046-Ex1-9C-lcwgs-1-1.clmp.r1r2_fastp	96.61405189288243	3.2195561161451796	0.15330275211163136	0.012295951657077808	0.0007932872036824391	0.0	0.0	0.0	0.0	0.0	0.0	0.0	0.0	0.0	0.0	0.0	0.0	0.0	0.0	0.0	0.0	0.0	0.0	0.0	0.0	0.0	0.0	0.0	0.0	0.0	0.0
Tzo-CMal_047-Ex1-9D-lcwgs-1-1.clmp.r1r2_fastp	97.49953468893956	2.400423433065004	0.09655204504211065	0.0034898329533293005	0.0	0.0	0.0	0.0	0.0	0.0	0.0	0.0	0.0	0.0	0.0	0.0	0.0	0.0	0.0	0.0	0.0	0.0	0.0	0.0	0.0	0.0	0.0	0.0	0.0	0.0	0.0
Tzo-CMal_048-Ex1-9E-lcwgs-1-1.clmp.r1r2_fastp	100.0	0.0	0.0	0.0	0.0	0.0	0.0	0.0	0.0	0.0	0.0	0.0	0.0	0.0	0.0	0.0	0.0	0.0	0.0	0.0	0.0	0.0	0.0	0.0	0.0	0.0	0.0	0.0	0.0	0.0	0.0
Tzo-CMal_049-Ex1-9F-lcwgs-1-1.clmp.r1r2_fastp	97.5702238009109	2.3251759680969295	0.09806271655516573	0.006537514437011048	0.0	0.0	0.0	0.0	0.0	0.0	0.0	0.0	0.0	0.0	0.0	0.0	0.0	0.0	0.0	0.0	0.0	0.0	0.0	0.0	0.0	0.0	0.0	0.0	0.0	0.0	0.0
Tzo-CMal_050-Ex1-9G-lcwgs-1-1.clmp.r1r2_fastp	98.1002331002331	1.8065268065268065	0.09324009324009325	0.0	0.0	0.0	0.0	0.0	0.0	0.0	0.0	0.0	0.0	0.0	0.0	0.0	0.0	0.0	0.0	0.0	0.0	0.0	0.0	0.0	0.0	0.0	0.0	0.0	0.0	0.0	0.0
Tzo-CMal_051-Ex1-9H-lcwgs-1-1.clmp.r1r2_fastp	96.59291887743184	3.2702639570193877	0.12346914939767076	0.013348016151099542	0.0	0.0	0.0	0.0	0.0	0.0	0.0	0.0	0.0	0.0	0.0	0.0	0.0	0.0	0.0	0.0	0.0	0.0	0.0	0.0	0.0	0.0	0.0	0.0	0.0	0.0	0.0
Tzo-CMal_052-Ex1-10A-lcwgs-1-1.clmp.r1r2_fastp	96.76708276595215	3.1095451588015486	0.11697237105484902	0.006399704191450707	0.0	0.0	0.0	0.0	0.0	0.0	0.0	0.0	0.0	0.0	0.0	0.0	0.0	0.0	0.0	0.0	0.0	0.0	0.0	0.0	0.0	0.0	0.0	0.0	0.0	0.0	0.0
Tzo-CMal_053-Ex1-10B-lcwgs-1-1.clmp.r1r2_fastp	97.17669943381152	2.716315259300427	0.10212233839313628	0.0048629684949112505	0.0	0.0	0.0	0.0	0.0	0.0	0.0	0.0	0.0	0.0	0.0	0.0	0.0	0.0	0.0	0.0	0.0	0.0	0.0	0.0	0.0	0.0	0.0	0.0	0.0	0.0	0.0
Tzo-CMal_054-Ex1-10C-lcwgs-1-1.clmp.r1r2_fastp	97.26073569333357	2.6354145790442183	0.0992949150071966	0.004554812615009019	0.0	0.0	0.0	0.0	0.0	0.0	0.0	0.0	0.0	0.0	0.0	0.0	0.0	0.0	0.0	0.0	0.0	0.0	0.0	0.0	0.0	0.0	0.0	0.0	0.0	0.0	0.0
Tzo-CMal_055-Ex1-10D-lcwgs-1-1.clmp.r1r2_fastp	97.35339154906262	2.5638372718619373	0.08070189959855978	0.0020692794768861484	0.0	0.0	0.0	0.0	0.0	0.0	0.0	0.0	0.0	0.0	0.0	0.0	0.0	0.0	0.0	0.0	0.0	0.0	0.0	0.0	0.0	0.0	0.0	0.0	0.0	0.0	0.0
Tzo-CMal_056-Ex1-10E-lcwgs-1-1.clmp.r1r2_fastp	97.20539777184999	2.680579528218003	0.11036142057638998	0.003661279355614833	0.0	0.0	0.0	0.0	0.0	0.0	0.0	0.0	0.0	0.0	0.0	0.0	0.0	0.0	0.0	0.0	0.0	0.0	0.0	0.0	0.0	0.0	0.0	0.0	0.0	0.0	0.0
Tzo-CMal_057-Ex1-10F-lcwgs-1-1.clmp.r1r2_fastp	97.34490216003545	2.5604280118467564	0.0929327670514257	0.0008685305331908944	0.0008685305331908944	0.0	0.0	0.0	0.0	0.0	0.0	0.0	0.0	0.0	0.0	0.0	0.0	0.0	0.0	0.0	0.0	0.0	0.0	0.0	0.0	0.0	0.0	0.0	0.0	0.0	0.0
Tzo-CMal_058-Ex1-10G-lcwgs-1-1.clmp.r1r2_fastp	97.43638535311545	2.4734475449957256	0.08636134758832277	0.003513003969694486	0.0002927503308078738	0.0	0.0	0.0	0.0	0.0	0.0	0.0	0.0	0.0	0.0	0.0	0.0	0.0	0.0	0.0	0.0	0.0	0.0	0.0	0.0	0.0	0.0	0.0	0.0	0.0	0.0
Tzo-CMal_059-Ex1-10H-lcwgs-1-1.clmp.r1r2_fastp	98.10752688172043	1.7777777777777777	0.1003584229390681	0.014336917562724014	0.0	0.0	0.0	0.0	0.0	0.0	0.0	0.0	0.0	0.0	0.0	0.0	0.0	0.0	0.0	0.0	0.0	0.0	0.0	0.0	0.0	0.0	0.0	0.0	0.0	0.0	0.0
Tzo-CMal_060-Ex1-11A-lcwgs-1-1.clmp.r1r2_fastp	97.09141806405577	2.800450091939512	0.10374070313143233	0.004391140873288141	0.0	0.0	0.0	0.0	0.0	0.0	0.0	0.0	0.0	0.0	0.0	0.0	0.0	0.0	0.0	0.0	0.0	0.0	0.0	0.0	0.0	0.0	0.0	0.0	0.0	0.0	0.0
Tzo-CMal_061-Ex1-11B-lcwgs-1-1.clmp.r1r2_fastp	96.70796213808464	3.165889476614699	0.12353841870824053	0.002609966592427617	0.0	0.0	0.0	0.0	0.0	0.0	0.0	0.0	0.0	0.0	0.0	0.0	0.0	0.0	0.0	0.0	0.0	0.0	0.0	0.0	0.0	0.0	0.0	0.0	0.0	0.0	0.0
Tzo-CMal_062-Ex1-11C-lcwgs-1-1.clmp.r1r2_fastp	97.5964424973774	2.313168433761967	0.08577064928381507	0.003958645351560697	0.0006597742252601159	0.0	0.0	0.0	0.0	0.0	0.0	0.0	0.0	0.0	0.0	0.0	0.0	0.0	0.0	0.0	0.0	0.0	0.0	0.0	0.0	0.0	0.0	0.0	0.0	0.0	0.0
Tzo-CMal_063-Ex1-11D-lcwgs-1-1.clmp.r1r2_fastp	97.47886498702604	2.420691386959069	0.09458441449736335	0.005859211517535783	0.0	0.0	0.0	0.0	0.0	0.0	0.0	0.0	0.0	0.0	0.0	0.0	0.0	0.0	0.0	0.0	0.0	0.0	0.0	0.0	0.0	0.0	0.0	0.0	0.0	0.0	0.0
Tzo-CMal_064-Ex1-11E-lcwgs-1-1.clmp.r1r2_fastp	97.1474386024137	2.7344079669170394	0.10971389990716517	0.008439530762089628	0.0	0.0	0.0	0.0	0.0	0.0	0.0	0.0	0.0	0.0	0.0	0.0	0.0	0.0	0.0	0.0	0.0	0.0	0.0	0.0	0.0	0.0	0.0	0.0	0.0	0.0	0.0
Tzo-CMta_001-Ex1-9A-lcwgs-1-1.clmp.r1r2_fastp	97.78644874720852	2.1307271344082066	0.07975655844315198	0.00306755994012123	0.0	0.0	0.0	0.0	0.0	0.0	0.0	0.0	0.0	0.0	0.0	0.0	0.0	0.0	0.0	0.0	0.0	0.0	0.0	0.0	0.0	0.0	0.0	0.0	0.0	0.0	0.0
Tzo-CMta_002-Ex1-9B-lcwgs-1-1.clmp.r1r2_fastp	97.76563196360266	2.1504288553922035	0.0812050057280972	0.0027341752770403097	0.0	0.0	0.0	0.0	0.0	0.0	0.0	0.0	0.0	0.0	0.0	0.0	0.0	0.0	0.0	0.0	0.0	0.0	0.0	0.0	0.0	0.0	0.0	0.0	0.0	0.0	0.0
Tzo-CMta_003-Ex1-9C-lcwgs-1-1.clmp.r1r2_fastp	100.0	0.0	0.0	0.0	0.0	0.0	0.0	0.0	0.0	0.0	0.0	0.0	0.0	0.0	0.0	0.0	0.0	0.0	0.0	0.0	0.0	0.0	0.0	0.0	0.0	0.0	0.0	0.0	0.0	0.0	0.0
Tzo-CMta_004-Ex1-9D-lcwgs-1-1.clmp.r1r2_fastp	99.89594172736732	0.10405827263267431	0.0	0.0	0.0	0.0	0.0	0.0	0.0	0.0	0.0	0.0	0.0	0.0	0.0	0.0	0.0	0.0	0.0	0.0	0.0	0.0	0.0	0.0	0.0	0.0	0.0	0.0	0.0	0.0	0.0
Tzo-CMta_005-Ex1-9E-lcwgs-1-1.clmp.r1r2_fastp	98.2265517672037	1.6860247283626826	0.07493443237167478	0.012489072061945796	0.0	0.0	0.0	0.0	0.0	0.0	0.0	0.0	0.0	0.0	0.0	0.0	0.0	0.0	0.0	0.0	0.0	0.0	0.0	0.0	0.0	0.0	0.0	0.0	0.0	0.0	0.0
Tzo-CMta_006-Ex1-9F-lcwgs-1-1.clmp.r1r2_fastp	97.42727092816149	2.513358400949931	0.039580447259054026	0.019790223629527013	0.0	0.0	0.0	0.0	0.0	0.0	0.0	0.0	0.0	0.0	0.0	0.0	0.0	0.0	0.0	0.0	0.0	0.0	0.0	0.0	0.0	0.0	0.0	0.0	0.0	0.0	0.0
Tzo-CMta_007-Ex1-9G-lcwgs-1-1.clmp.r1r2_fastp	100.0	0.0	0.0	0.0	0.0	0.0	0.0	0.0	0.0	0.0	0.0	0.0	0.0	0.0	0.0	0.0	0.0	0.0	0.0	0.0	0.0	0.0	0.0	0.0	0.0	0.0	0.0	0.0	0.0	0.0	0.0
Tzo-CMta_008-Ex1-9H-lcwgs-1-1.clmp.r1r2_fastp	99.91961414790997	0.08038585209003216	0.0	0.0	0.0	0.0	0.0	0.0	0.0	0.0	0.0	0.0	0.0	0.0	0.0	0.0	0.0	0.0	0.0	0.0	0.0	0.0	0.0	0.0	0.0	0.0	0.0	0.0	0.0	0.0	0.0
Tzo-CMta_009-Ex1-10A-lcwgs-1-1.clmp.r1r2_fastp	97.65691096296764	2.2709480830867204	0.07003464872094615	0.00210630522469011	0.0	0.0	0.0	0.0	0.0	0.0	0.0	0.0	0.0	0.0	0.0	0.0	0.0	0.0	0.0	0.0	0.0	0.0	0.0	0.0	0.0	0.0	0.0	0.0	0.0	0.0	0.0
Tzo-CMta_010-Ex1-10B-lcwgs-1-1.clmp.r1r2_fastp	98.33510160776953	1.599608259201828	0.06529013302864606	0.0	0.0	0.0	0.0	0.0	0.0	0.0	0.0	0.0	0.0	0.0	0.0	0.0	0.0	0.0	0.0	0.0	0.0	0.0	0.0	0.0	0.0	0.0	0.0	0.0	0.0	0.0	0.0
Tzo-CMta_011-Ex1-10C-lcwgs-1-1.clmp.r1r2_fastp	99.27927927927928	0.7207207207207207	0.0	0.0	0.0	0.0	0.0	0.0	0.0	0.0	0.0	0.0	0.0	0.0	0.0	0.0	0.0	0.0	0.0	0.0	0.0	0.0	0.0	0.0	0.0	0.0	0.0	0.0	0.0	0.0	0.0
Tzo-CMta_012-Ex1-10D-lcwgs-1-1.clmp.r1r2_fastp	97.48820964543638	2.4307116036166256	0.07722659309656627	0.0036687217623071855	0.00018343608811535928	0.0	0.0	0.0	0.0	0.0	0.0	0.0	0.0	0.0	0.0	0.0	0.0	0.0	0.0	0.0	0.0	0.0	0.0	0.0	0.0	0.0	0.0	0.0	0.0	0.0	0.0
Tzo-CMta_013-Ex1-10E-lcwgs-1-1.clmp.r1r2_fastp	100.0	0.0	0.0	0.0	0.0	0.0	0.0	0.0	0.0	0.0	0.0	0.0	0.0	0.0	0.0	0.0	0.0	0.0	0.0	0.0	0.0	0.0	0.0	0.0	0.0	0.0	0.0	0.0	0.0	0.0	0.0
Tzo-CMta_014-Ex1-10F-lcwgs-1-1.clmp.r1r2_fastp	97.95510315368536	1.9721894028901208	0.07270744342452058	0.0	0.0	0.0	0.0	0.0	0.0	0.0	0.0	0.0	0.0	0.0	0.0	0.0	0.0	0.0	0.0	0.0	0.0	0.0	0.0	0.0	0.0	0.0	0.0	0.0	0.0	0.0	0.0
Tzo-CMta_015-Ex1-10G-lcwgs-1-1.clmp.r1r2_fastp	100.0	0.0	0.0	0.0	0.0	0.0	0.0	0.0	0.0	0.0	0.0	0.0	0.0	0.0	0.0	0.0	0.0	0.0	0.0	0.0	0.0	0.0	0.0	0.0	0.0	0.0	0.0	0.0	0.0	0.0	0.0
Tzo-CMta_016-Ex1-10H-lcwgs-1-1.clmp.r1r2_fastp	97.45037485312619	2.478917761071425	0.06654812781399798	0.0031194434912811555	0.0	0.0	0.0	0.0	0.0	0.0	0.0	0.0010398144970937184	0.0	0.0	0.0	0.0	0.0	0.0	0.0	0.0	0.0	0.0	0.0	0.0	0.0	0.0	0.0	0.0	0.0	0.0	0.0
Tzo-CMta_017-Ex1-11A-lcwgs-1-1.clmp.r1r2_fastp	97.64540103184163	2.2689152026182415	0.08250187504261461	0.003181890497511307	0.0	0.0	0.0	0.0	0.0	0.0	0.0	0.0	0.0	0.0	0.0	0.0	0.0	0.0	0.0	0.0	0.0	0.0	0.0	0.0	0.0	0.0	0.0	0.0	0.0	0.0	0.0
Tzo-CMta_018-Ex1-11B-lcwgs-1-1.clmp.r1r2_fastp	100.0	0.0	0.0	0.0	0.0	0.0	0.0	0.0	0.0	0.0	0.0	0.0	0.0	0.0	0.0	0.0	0.0	0.0	0.0	0.0	0.0	0.0	0.0	0.0	0.0	0.0	0.0	0.0	0.0	0.0	0.0
Tzo-CMta_019-Ex1-11C-lcwgs-1-1.clmp.r1r2_fastp	98.61294583883752	1.3870541611624834	0.0	0.0	0.0	0.0	0.0	0.0	0.0	0.0	0.0	0.0	0.0	0.0	0.0	0.0	0.0	0.0	0.0	0.0	0.0	0.0	0.0	0.0	0.0	0.0	0.0	0.0	0.0	0.0	0.0
Tzo-CMta_020-Ex1-11D-lcwgs-1-1.clmp.r1r2_fastp	97.7494697761375	2.1786578832493353	0.06922673298323126	0.0022046730249436707	0.00044093460498873416	0.0	0.0	0.0	0.0	0.0	0.0	0.0	0.0	0.0	0.0	0.0	0.0	0.0	0.0	0.0	0.0	0.0	0.0	0.0	0.0	0.0	0.0	0.0	0.0	0.0	0.0
Tzo-CMta_021-Ex1-11E-lcwgs-1-1.clmp.r1r2_fastp	98.06180086388304	1.8532875549156422	0.07752796544467826	0.007383615756636024	0.0	0.0	0.0	0.0	0.0	0.0	0.0	0.0	0.0	0.0	0.0	0.0	0.0	0.0	0.0	0.0	0.0	0.0	0.0	0.0	0.0	0.0	0.0	0.0	0.0	0.0	0.0
Tzo-CMta_022-Ex1-11F-lcwgs-1-1.clmp.r1r2_fastp	97.92255363683935	2.0059305773591487	0.06977149834292691	0.0017442874585731727	0.0	0.0	0.0	0.0	0.0	0.0	0.0	0.0	0.0	0.0	0.0	0.0	0.0	0.0	0.0	0.0	0.0	0.0	0.0	0.0	0.0	0.0	0.0	0.0	0.0	0.0	0.0
Tzo-CMta_023-Ex1-11G-lcwgs-1-1.clmp.r1r2_fastp	99.79423868312757	0.205761316872428	0.0	0.0	0.0	0.0	0.0	0.0	0.0	0.0	0.0	0.0	0.0	0.0	0.0	0.0	0.0	0.0	0.0	0.0	0.0	0.0	0.0	0.0	0.0	0.0	0.0	0.0	0.0	0.0	0.0
Tzo-CMta_024-Ex1-11H-lcwgs-1-1.clmp.r1r2_fastp	97.70473839166655	2.216376430825291	0.07624466947440688	0.002310444529527481	0.0003300635042182116	0.0	0.0	0.0	0.0	0.0	0.0	0.0	0.0	0.0	0.0	0.0	0.0	0.0	0.0	0.0	0.0	0.0	0.0	0.0	0.0	0.0	0.0	0.0	0.0	0.0	0.0
Tzo-CMta_025-Ex1-12A-lcwgs-1-1.clmp.r1r2_fastp	98.1363192304802	1.8155857819192907	0.04508905087547907	0.003005936725031938	0.0	0.0	0.0	0.0	0.0	0.0	0.0	0.0	0.0	0.0	0.0	0.0	0.0	0.0	0.0	0.0	0.0	0.0	0.0	0.0	0.0	0.0	0.0	0.0	0.0	0.0	0.0
Tzo-CMta_026-Ex1-12B-lcwgs-1-1.clmp.r1r2_fastp	98.49002336868597	1.438072982203847	0.07190364911019234	0.0	0.0	0.0	0.0	0.0	0.0	0.0	0.0	0.0	0.0	0.0	0.0	0.0	0.0	0.0	0.0	0.0	0.0	0.0	0.0	0.0	0.0	0.0	0.0	0.0	0.0	0.0	0.0
Tzo-CMta_027-Ex1-12C-lcwgs-1-1.clmp.r1r2_fastp	97.8974713060014	2.026690512303896	0.07583818169470039	0.0	0.0	0.0	0.0	0.0	0.0	0.0	0.0	0.0	0.0	0.0	0.0	0.0	0.0	0.0	0.0	0.0	0.0	0.0	0.0	0.0	0.0	0.0	0.0	0.0	0.0	0.0	0.0
Tzo-CMta_028-Ex1-12D-lcwgs-1-1.clmp.r1r2_fastp	98.20359281437125	1.7964071856287425	0.0	0.0	0.0	0.0	0.0	0.0	0.0	0.0	0.0	0.0	0.0	0.0	0.0	0.0	0.0	0.0	0.0	0.0	0.0	0.0	0.0	0.0	0.0	0.0	0.0	0.0	0.0	0.0	0.0
Tzo-CMta_029-Ex1-12E-lcwgs-1-1.clmp.r1r2_fastp	97.90899167689999	2.026197298403602	0.05457770500750444	0.010233319688907082	0.0	0.0	0.0	0.0	0.0	0.0	0.0	0.0	0.0	0.0	0.0	0.0	0.0	0.0	0.0	0.0	0.0	0.0	0.0	0.0	0.0	0.0	0.0	0.0	0.0	0.0	0.0
Tzo-CMta_030-Ex1-12F-lcwgs-1-1.clmp.r1r2_fastp	98.26407154129406	1.6833245660178853	0.052603892688058915	0.0	0.0	0.0	0.0	0.0	0.0	0.0	0.0	0.0	0.0	0.0	0.0	0.0	0.0	0.0	0.0	0.0	0.0	0.0	0.0	0.0	0.0	0.0	0.0	0.0	0.0	0.0	0.0
Tzo-CMta_031-Ex1-12G-lcwgs-1-1.clmp.r1r2_fastp	98.25759565712285	1.6986253392872779	0.043779003589878296	0.0	0.0	0.0	0.0	0.0	0.0	0.0	0.0	0.0	0.0	0.0	0.0	0.0	0.0	0.0	0.0	0.0	0.0	0.0	0.0	0.0	0.0	0.0	0.0	0.0	0.0	0.0	0.0
Tzo-CMta_032-Ex1-12H-lcwgs-1-1.clmp.r1r2_fastp	98.20319432120674	1.7450458444247263	0.051759834368530024	0.0	0.0	0.0	0.0	0.0	0.0	0.0	0.0	0.0	0.0	0.0	0.0	0.0	0.0	0.0	0.0	0.0	0.0	0.0	0.0	0.0	0.0	0.0	0.0	0.0	0.0	0.0	0.0
Tzo-CMta_033-Ex1-1A-lcwgs-1-1.clmp.r1r2_fastp	97.70362733152123	2.1963945386946606	0.09060518011684944	0.009372949667260287	0.0	0.0	0.0	0.0	0.0	0.0	0.0	0.0	0.0	0.0	0.0	0.0	0.0	0.0	0.0	0.0	0.0	0.0	0.0	0.0	0.0	0.0	0.0	0.0	0.0	0.0	0.0
Tzo-CMta_034-Ex1-1B-lcwgs-1-1.clmp.r1r2_fastp	97.95700986344559	1.9758846211201295	0.06710551543426854	0.0	0.0	0.0	0.0	0.0	0.0	0.0	0.0	0.0	0.0	0.0	0.0	0.0	0.0	0.0	0.0	0.0	0.0	0.0	0.0	0.0	0.0	0.0	0.0	0.0	0.0	0.0	0.0
Tzo-CMta_035-Ex1-1C-lcwgs-1-1.clmp.r1r2_fastp	97.94413724656175	1.9707925705373601	0.08507018290089324	0.0	0.0	0.0	0.0	0.0	0.0	0.0	0.0	0.0	0.0	0.0	0.0	0.0	0.0	0.0	0.0	0.0	0.0	0.0	0.0	0.0	0.0	0.0	0.0	0.0	0.0	0.0	0.0
Tzo-CMta_036-Ex1-1D-lcwgs-1-1.clmp.r1r2_fastp	97.15775543660747	2.715834798238164	0.11653400225167396	0.009875762902684233	0.0	0.0	0.0	0.0	0.0	0.0	0.0	0.0	0.0	0.0	0.0	0.0	0.0	0.0	0.0	0.0	0.0	0.0	0.0	0.0	0.0	0.0	0.0	0.0	0.0	0.0	0.0
Tzo-CMta_037-Ex1-1E-lcwgs-1-1.clmp.r1r2_fastp	99.97123130034522	0.028768699654775604	0.0	0.0	0.0	0.0	0.0	0.0	0.0	0.0	0.0	0.0	0.0	0.0	0.0	0.0	0.0	0.0	0.0	0.0	0.0	0.0	0.0	0.0	0.0	0.0	0.0	0.0	0.0	0.0	0.0
Tzo-CMta_038-Ex1-1F-lcwgs-1-1.clmp.r1r2_fastp	99.88372093023256	0.11627906976744186	0.0	0.0	0.0	0.0	0.0	0.0	0.0	0.0	0.0	0.0	0.0	0.0	0.0	0.0	0.0	0.0	0.0	0.0	0.0	0.0	0.0	0.0	0.0	0.0	0.0	0.0	0.0	0.0	0.0
Tzo-CMta_039-Ex1-1G-lcwgs-1-1.clmp.r1r2_fastp	97.22495745592954	2.6615050858026215	0.10964029150807363	0.00363735564244794	0.00025981111731771	0.0	0.0	0.0	0.0	0.0	0.0	0.0	0.0	0.0	0.0	0.0	0.0	0.0	0.0	0.0	0.0	0.0	0.0	0.0	0.0	0.0	0.0	0.0	0.0	0.0	0.0
Tzo-CMta_040-Ex1-1H-lcwgs-1-1.clmp.r1r2_fastp	97.6552958218536	2.2708552276535916	0.07100860624307666	0.0014201721248615334	0.0014201721248615334	0.0	0.0	0.0	0.0	0.0	0.0	0.0	0.0	0.0	0.0	0.0	0.0	0.0	0.0	0.0	0.0	0.0	0.0	0.0	0.0	0.0	0.0	0.0	0.0	0.0	0.0
Tzo-CMta_041-Ex1-2A-lcwgs-1-1.clmp.r1r2_fastp	97.92880258899676	1.9683990100894728	0.10279840091376355	0.0	0.0	0.0	0.0	0.0	0.0	0.0	0.0	0.0	0.0	0.0	0.0	0.0	0.0	0.0	0.0	0.0	0.0	0.0	0.0	0.0	0.0	0.0	0.0	0.0	0.0	0.0	0.0
Tzo-CMta_042-Ex1-2B-lcwgs-1-1.clmp.r1r2_fastp	97.71649733913885	2.202531000942123	0.07859513321280948	0.002376526706218861	0.0	0.0	0.0	0.0	0.0	0.0	0.0	0.0	0.0	0.0	0.0	0.0	0.0	0.0	0.0	0.0	0.0	0.0	0.0	0.0	0.0	0.0	0.0	0.0	0.0	0.0	0.0
Tzo-CMta_043-Ex1-2C-lcwgs-1-1.clmp.r1r2_fastp	97.81344723643441	2.117185102348831	0.06726561087684928	0.00210205033990154	0.0	0.0	0.0	0.0	0.0	0.0	0.0	0.0	0.0	0.0	0.0	0.0	0.0	0.0	0.0	0.0	0.0	0.0	0.0	0.0	0.0	0.0	0.0	0.0	0.0	0.0	0.0
Tzo-CMta_044-Ex1-2D-lcwgs-1-1.clmp.r1r2_fastp	97.4567612190765	2.455723668777856	0.08458290477994912	0.0027066529529583714	0.00022555441274653098	0.0	0.0	0.0	0.0	0.0	0.0	0.0	0.0	0.0	0.0	0.0	0.0	0.0	0.0	0.0	0.0	0.0	0.0	0.0	0.0	0.0	0.0	0.0	0.0	0.0	0.0
Tzo-CMta_045-Ex1-2E-lcwgs-1-1.clmp.r1r2_fastp	97.75916620137725	2.159191016812457	0.07866492958620262	0.00297785222408338	0.0	0.0	0.0	0.0	0.0	0.0	0.0	0.0	0.0	0.0	0.0	0.0	0.0	0.0	0.0	0.0	0.0	0.0	0.0	0.0	0.0	0.0	0.0	0.0	0.0	0.0	0.0
Tzo-CMta_046-Ex1-2F-lcwgs-1-1.clmp.r1r2_fastp	99.23071340445605	0.7475143334059076	0.021772262138036142	0.0	0.0	0.0	0.0	0.0	0.0	0.0	0.0	0.0	0.0	0.0	0.0	0.0	0.0	0.0	0.0	0.0	0.0	0.0	0.0	0.0	0.0	0.0	0.0	0.0	0.0	0.0	0.0
Tzo-CMta_047-Ex1-2G-lcwgs-1-1.clmp.r1r2_fastp	99.87527284066105	0.12472715933894606	0.0	0.0	0.0	0.0	0.0	0.0	0.0	0.0	0.0	0.0	0.0	0.0	0.0	0.0	0.0	0.0	0.0	0.0	0.0	0.0	0.0	0.0	0.0	0.0	0.0	0.0	0.0	0.0	0.0
Tzo-CMta_048-Ex1-2H-lcwgs-1-1.clmp.r1r2_fastp	97.92422607956588	1.9979732601091826	0.07518551207871596	0.0026151482462162074	0.0	0.0	0.0	0.0	0.0	0.0	0.0	0.0	0.0	0.0	0.0	0.0	0.0	0.0	0.0	0.0	0.0	0.0	0.0	0.0	0.0	0.0	0.0	0.0	0.0	0.0	0.0
Tzo-CMta_049-Ex1-3A-lcwgs-1-1.clmp.r1r2_fastp	99.842555105713	0.15744489428699954	0.0	0.0	0.0	0.0	0.0	0.0	0.0	0.0	0.0	0.0	0.0	0.0	0.0	0.0	0.0	0.0	0.0	0.0	0.0	0.0	0.0	0.0	0.0	0.0	0.0	0.0	0.0	0.0	0.0
Tzo-CMta_050-Ex1-3B-lcwgs-1-1.clmp.r1r2_fastp	99.76156413924654	0.2384358607534573	0.0	0.0	0.0	0.0	0.0	0.0	0.0	0.0	0.0	0.0	0.0	0.0	0.0	0.0	0.0	0.0	0.0	0.0	0.0	0.0	0.0	0.0	0.0	0.0	0.0	0.0	0.0	0.0	0.0
Tzo-CMta_051-Ex1-3C-lcwgs-1-1.clmp.r1r2_fastp	97.60271074235096	2.312970375548151	0.0793036326078984	0.005015249492989622	0.0	0.0	0.0	0.0	0.0	0.0	0.0	0.0	0.0	0.0	0.0	0.0	0.0	0.0	0.0	0.0	0.0	0.0	0.0	0.0	0.0	0.0	0.0	0.0	0.0	0.0	0.0
Tzo-CMta_052-Ex1-3D-lcwgs-1-1.clmp.r1r2_fastp	99.80855855855856	0.19144144144144143	0.0	0.0	0.0	0.0	0.0	0.0	0.0	0.0	0.0	0.0	0.0	0.0	0.0	0.0	0.0	0.0	0.0	0.0	0.0	0.0	0.0	0.0	0.0	0.0	0.0	0.0	0.0	0.0	0.0
Tzo-CMta_053-Ex1-3E-lcwgs-1-1.clmp.r1r2_fastp	97.29408281872432	2.6046400506905023	0.09753766730202917	0.0035317153229701727	0.000207747960174716	0.0	0.0	0.0	0.0	0.0	0.0	0.0	0.0	0.0	0.0	0.0	0.0	0.0	0.0	0.0	0.0	0.0	0.0	0.0	0.0	0.0	0.0	0.0	0.0	0.0	0.0
Tzo-CMta_054-Ex1-3F-lcwgs-1-1.clmp.r1r2_fastp	99.8687507457344	0.13124925426560075	0.0	0.0	0.0	0.0	0.0	0.0	0.0	0.0	0.0	0.0	0.0	0.0	0.0	0.0	0.0	0.0	0.0	0.0	0.0	0.0	0.0	0.0	0.0	0.0	0.0	0.0	0.0	0.0	0.0
Tzo-CMta_055-Ex1-3G-lcwgs-1-1.clmp.r1r2_fastp	97.59963621008868	2.3146133108130056	0.08141964682062776	0.0038977490499236688	0.00043308322776929655	0.0	0.0	0.0	0.0	0.0	0.0	0.0	0.0	0.0	0.0	0.0	0.0	0.0	0.0	0.0	0.0	0.0	0.0	0.0	0.0	0.0	0.0	0.0	0.0	0.0	0.0
Tzo-CMta_056-Ex1-3H-lcwgs-1-1.clmp.r1r2_fastp	98.44230830240157	1.4990006662225184	0.05710478728466736	0.0015862440912407603	0.0	0.0	0.0	0.0	0.0	0.0	0.0	0.0	0.0	0.0	0.0	0.0	0.0	0.0	0.0	0.0	0.0	0.0	0.0	0.0	0.0	0.0	0.0	0.0	0.0	0.0	0.0
Tzo-CMta_057-Ex1-4A-lcwgs-1-1.clmp.r1r2_fastp	99.77756593581188	0.2065459167461074	0.01588814744200826	0.0	0.0	0.0	0.0	0.0	0.0	0.0	0.0	0.0	0.0	0.0	0.0	0.0	0.0	0.0	0.0	0.0	0.0	0.0	0.0	0.0	0.0	0.0	0.0	0.0	0.0	0.0	0.0
Tzo-CMta_058-Ex1-4B-lcwgs-1-1.clmp.r1r2_fastp	97.86862709939633	2.051282051282051	0.07889546351084813	0.0011953858107704263	0.0	0.0	0.0	0.0	0.0	0.0	0.0	0.0	0.0	0.0	0.0	0.0	0.0	0.0	0.0	0.0	0.0	0.0	0.0	0.0	0.0	0.0	0.0	0.0	0.0	0.0	0.0
Tzo-CMta_059-Ex1-4C-lcwgs-1-1.clmp.r1r2_fastp	97.93762041293103	1.997906521640195	0.06181829214642212	0.0026547732823616866	0.0	0.0	0.0	0.0	0.0	0.0	0.0	0.0	0.0	0.0	0.0	0.0	0.0	0.0	0.0	0.0	0.0	0.0	0.0	0.0	0.0	0.0	0.0	0.0	0.0	0.0	0.0
Tzo-CMta_060-Ex1-4D-lcwgs-1-1.clmp.r1r2_fastp	97.69179481976433	2.2212398359253838	0.08370414389865638	0.0030800226109895207	0.0	0.0001811778006464424	0.0	0.0	0.0	0.0	0.0	0.0	0.0	0.0	0.0	0.0	0.0	0.0	0.0	0.0	0.0	0.0	0.0	0.0	0.0	0.0	0.0	0.0	0.0	0.0	0.0
Tzo-CMta_061-Ex1-4E-lcwgs-1-1.clmp.r1r2_fastp	98.32290580465764	1.6041014946124434	0.06604101494612444	0.0069516857838025714	0.0	0.0	0.0	0.0	0.0	0.0	0.0	0.0	0.0	0.0	0.0	0.0	0.0	0.0	0.0	0.0	0.0	0.0	0.0	0.0	0.0	0.0	0.0	0.0	0.0	0.0	0.0
Tzo-CMta_062-Ex1-4F-lcwgs-1-1.clmp.r1r2_fastp	97.86150231039757	2.054913340377549	0.0799045351080551	0.003679814116818328	0.0	0.0	0.0	0.0	0.0	0.0	0.0	0.0	0.0	0.0	0.0	0.0	0.0	0.0	0.0	0.0	0.0	0.0	0.0	0.0	0.0	0.0	0.0	0.0	0.0	0.0	0.0
Tzo-CMta_063-Ex1-4G-lcwgs-1-1.clmp.r1r2_fastp	97.78123379989631	2.1329416508265653	0.07948850872645585	0.0063360405506595234	0.0	0.0	0.0	0.0	0.0	0.0	0.0	0.0	0.0	0.0	0.0	0.0	0.0	0.0	0.0	0.0	0.0	0.0	0.0	0.0	0.0	0.0	0.0	0.0	0.0	0.0	0.0
Tzo-CMta_064-Ex1-4H-lcwgs-1-1.clmp.r1r2_fastp	98.24354437016648	1.6843623017433478	0.06881635863153755	0.0032769694586446455	0.0	0.0	0.0	0.0	0.0	0.0	0.0	0.0	0.0	0.0	0.0	0.0	0.0	0.0	0.0	0.0	0.0	0.0	0.0	0.0	0.0	0.0	0.0	0.0	0.0	0.0	0.0
Tzo-CMvi_006-Ex1-7B-lcwgs-1-1.clmp.r1r2_fastp	96.35253799899091	3.484134576945027	0.1552768488063368	0.00788515247844679	0.0001654227792681145	0.0	0.0	0.0	0.0	0.0	0.0	0.0	0.0	0.0	0.0	0.0	0.0	0.0	0.0	0.0	0.0	0.0	0.0	0.0	0.0	0.0	0.0	0.0	0.0	0.0	0.0
Tzo-CMvi_007-Ex1-8E-lcwgs-1-1.clmp.r1r2_fastp	96.30081697995504	3.5393946682099346	0.15377561987508548	0.005862413660927012	0.00015031829899812854	0.0	0.0	0.0	0.0	0.0	0.0	0.0	0.0	0.0	0.0	0.0	0.0	0.0	0.0	0.0	0.0	0.0	0.0	0.0	0.0	0.0	0.0	0.0	0.0	0.0	0.0
Tzo-CMvi_011-Ex1-5G-lcwgs-1-1.clmp.r1r2_fastp	96.23802003648177	3.5963567513210974	0.15815438300926057	0.00708383799262511	0.0003849911952513646	0.0	0.0	0.0	0.0	0.0	0.0	0.0	0.0	0.0	0.0	0.0	0.0	0.0	0.0	0.0	0.0	0.0	0.0	0.0	0.0	0.0	0.0	0.0	0.0	0.0	0.0
Tzo-CMvi_012-Ex1-1G-lcwgs-1-1.clmp.r1r2_fastp	97.3867277647723	2.519110946664864	0.09078144382223677	0.003024071610015725	0.00035577313059008533	0.0	0.0	0.0	0.0	0.0	0.0	0.0	0.0	0.0	0.0	0.0	0.0	0.0	0.0	0.0	0.0	0.0	0.0	0.0	0.0	0.0	0.0	0.0	0.0	0.0	0.0
Tzo-CMvi_013-Ex1-2B-lcwgs-1-1.clmp.r1r2_fastp	96.47899703358277	3.3708509833123768	0.143437870039186	0.006469963499639879	0.0001220747830120732	0.0001220747830120732	0.0	0.0	0.0	0.0	0.0	0.0	0.0	0.0	0.0	0.0	0.0	0.0	0.0	0.0	0.0	0.0	0.0	0.0	0.0	0.0	0.0	0.0	0.0	0.0	0.0
Tzo-CMvi_015-Ex1-2F-lcwgs-1-1.clmp.r1r2_fastp	96.06672138501035	3.7462182307523455	0.1777550845112093	0.008708806153904887	0.0005964935721852661	0.0	0.0	0.0	0.0	0.0	0.0	0.0	0.0	0.0	0.0	0.0	0.0	0.0	0.0	0.0	0.0	0.0	0.0	0.0	0.0	0.0	0.0	0.0	0.0	0.0	0.0
Tzo-CMvi_016-Ex1-1D-lcwgs-1-1.clmp.r1r2_fastp	97.2775036241194	2.6244500239854003	0.09453843232828514	0.0030694296210482187	0.0004384899458640313	0.0	0.0	0.0	0.0	0.0	0.0	0.0	0.0	0.0	0.0	0.0	0.0	0.0	0.0	0.0	0.0	0.0	0.0	0.0	0.0	0.0	0.0	0.0	0.0	0.0	0.0
Tzo-CMvi_018-Ex1-1F-lcwgs-2-1.clmp.r1r2_fastp	96.06585328358001	3.7440778164437547	0.18238229005073162	0.007686609925509762	0.0	0.0	0.0	0.0	0.0	0.0	0.0	0.0	0.0	0.0	0.0	0.0	0.0	0.0	0.0	0.0	0.0	0.0	0.0	0.0	0.0	0.0	0.0	0.0	0.0	0.0	0.0
Tzo-CMvi_019-Ex1-1G-lcwgs-2-1.clmp.r1r2_fastp	99.93656164093889	0.06343835906111228	0.0	0.0	0.0	0.0	0.0	0.0	0.0	0.0	0.0	0.0	0.0	0.0	0.0	0.0	0.0	0.0	0.0	0.0	0.0	0.0	0.0	0.0	0.0	0.0	0.0	0.0	0.0	0.0	0.0
Tzo-CMvi_020-Ex1-7D-lcwgs-1-1.clmp.r1r2_fastp	96.5943654474945	3.272168783109016	0.12681228296960942	0.006178237396395712	0.0003168326869946519	0.00015841634349732594	0.0	0.0	0.0	0.0	0.0	0.0	0.0	0.0	0.0	0.0	0.0	0.0	0.0	0.0	0.0	0.0	0.0	0.0	0.0	0.0	0.0	0.0	0.0	0.0	0.0
Tzo-CMvi_027-Ex1-1H-lcwgs-2-1.clmp.r1r2_fastp	99.88897113249445	0.11102886750555144	0.0	0.0	0.0	0.0	0.0	0.0	0.0	0.0	0.0	0.0	0.0	0.0	0.0	0.0	0.0	0.0	0.0	0.0	0.0	0.0	0.0	0.0	0.0	0.0	0.0	0.0	0.0	0.0	0.0
Tzo-CMvi_028-Ex1-2A-lcwgs-2-1.clmp.r1r2_fastp	96.9467526307468	2.912706638792755	0.1370272121989354	0.003513518261511164	0.0	0.0	0.0	0.0	0.0	0.0	0.0	0.0	0.0	0.0	0.0	0.0	0.0	0.0	0.0	0.0	0.0	0.0	0.0	0.0	0.0	0.0	0.0	0.0	0.0	0.0	0.0
Tzo-CMvi_029-Ex1-3C-lcwgs-1-1.clmp.r1r2_fastp	96.13004484778247	3.691788391084485	0.16961728977536	0.007916177183044182	0.0006332941746435346	0.0	0.0	0.0	0.0	0.0	0.0	0.0	0.0	0.0	0.0	0.0	0.0	0.0	0.0	0.0	0.0	0.0	0.0	0.0	0.0	0.0	0.0	0.0	0.0	0.0	0.0
Tzo-CMvi_030-Ex1-2H-lcwgs-1-1.clmp.r1r2_fastp	96.08644142820478	3.7278540103630027	0.17519649160656298	0.010136102752184377	0.000371967073474656	0.0	0.0	0.0	0.0	0.0	0.0	0.0	0.0	0.0	0.0	0.0	0.0	0.0	0.0	0.0	0.0	0.0	0.0	0.0	0.0	0.0	0.0	0.0	0.0	0.0	0.0
Tzo-CMvi_031-Ex1-2B-lcwgs-2-1.clmp.r1r2_fastp	96.88502813656392	2.996002734586929	0.1131301532001236	0.0055956849969953605	0.00012164532602163828	0.00012164532602163828	0.0	0.0	0.0	0.0	0.0	0.0	0.0	0.0	0.0	0.0	0.0	0.0	0.0	0.0	0.0	0.0	0.0	0.0	0.0	0.0	0.0	0.0	0.0	0.0	0.0
Tzo-CMvi_032-Ex1-2C-lcwgs-2-1.clmp.r1r2_fastp	96.74565378713103	3.1354692757152427	0.11311320686748463	0.005763730286241255	0.0	0.0	0.0	0.0	0.0	0.0	0.0	0.0	0.0	0.0	0.0	0.0	0.0	0.0	0.0	0.0	0.0	0.0	0.0	0.0	0.0	0.0	0.0	0.0	0.0	0.0	0.0
Tzo-CMvi_033-Ex1-2D-lcwgs-2-1.clmp.r1r2_fastp	98.03404722679846	1.900054914881933	0.06589785831960461	0.0	0.0	0.0	0.0	0.0	0.0	0.0	0.0	0.0	0.0	0.0	0.0	0.0	0.0	0.0	0.0	0.0	0.0	0.0	0.0	0.0	0.0	0.0	0.0	0.0	0.0	0.0	0.0
Tzo-CMvi_034-Ex1-2E-lcwgs-2-1.clmp.r1r2_fastp	99.9056158565361	0.07078810759792356	0.023596035865974516	0.0	0.0	0.0	0.0	0.0	0.0	0.0	0.0	0.0	0.0	0.0	0.0	0.0	0.0	0.0	0.0	0.0	0.0	0.0	0.0	0.0	0.0	0.0	0.0	0.0	0.0	0.0	0.0
Tzo-CMvi_035-Ex1-2F-lcwgs-2-1.clmp.r1r2_fastp	96.37953347432216	3.467377923676652	0.14677566995991287	0.006312932041286575	0.0	0.0	0.0	0.0	0.0	0.0	0.0	0.0	0.0	0.0	0.0	0.0	0.0	0.0	0.0	0.0	0.0	0.0	0.0	0.0	0.0	0.0	0.0	0.0	0.0	0.0	0.0
Tzo-CMvi_038-Ex1-6B-lcwgs-1-1.clmp.r1r2_fastp	96.19385157701569	3.6314230664204596	0.16613230624103698	0.00802018030129144	0.00038191334768054473	0.00019095667384027236	0.0	0.0	0.0	0.0	0.0	0.0	0.0	0.0	0.0	0.0	0.0	0.0	0.0	0.0	0.0	0.0	0.0	0.0	0.0	0.0	0.0	0.0	0.0	0.0	0.0
Tzo-CMvi_040-Ex1-2G-lcwgs-2-1.clmp.r1r2_fastp	99.83886561392201	0.16113438607798905	0.0	0.0	0.0	0.0	0.0	0.0	0.0	0.0	0.0	0.0	0.0	0.0	0.0	0.0	0.0	0.0	0.0	0.0	0.0	0.0	0.0	0.0	0.0	0.0	0.0	0.0	0.0	0.0	0.0
Tzo-CMvi_041-Ex1-4D-lcwgs-1-1.clmp.r1r2_fastp	97.01969406620573	2.871969921660631	0.10194241141755007	0.006038400676300876	0.00035520003978240444	0.0	0.0	0.0	0.0	0.0	0.0	0.0	0.0	0.0	0.0	0.0	0.0	0.0	0.0	0.0	0.0	0.0	0.0	0.0	0.0	0.0	0.0	0.0	0.0	0.0	0.0
Tzo-CMvi_042-Ex1-2H-lcwgs-2-1.clmp.r1r2_fastp	96.58052243307196	3.305804296385654	0.10671368254999303	0.006959587992390851	0.0	0.0	0.0	0.0	0.0	0.0	0.0	0.0	0.0	0.0	0.0	0.0	0.0	0.0	0.0	0.0	0.0	0.0	0.0	0.0	0.0	0.0	0.0	0.0	0.0	0.0	0.0
Tzo-CMvi_044-Ex1-3A-lcwgs-2-1.clmp.r1r2_fastp	96.38485028029716	3.449250262066451	0.1613417802287954	0.003646141926074472	0.000911535481518618	0.0	0.0	0.0	0.0	0.0	0.0	0.0	0.0	0.0	0.0	0.0	0.0	0.0	0.0	0.0	0.0	0.0	0.0	0.0	0.0	0.0	0.0	0.0	0.0	0.0	0.0
Tzo-CMvi_045-Ex1-8B-lcwgs-1-1.clmp.r1r2_fastp	96.04927934131602	3.772693944265889	0.16821070510179648	0.008998008539928104	0.0007436370694155459	0.0	0.0	0.0	0.0	7.436370694155459e-05	0.0	0.0	0.0	0.0	0.0	0.0	0.0	0.0	0.0	0.0	0.0	0.0	0.0	0.0	0.0	0.0	0.0	0.0	0.0	0.0	0.0
Tzo-CMvi_046-Ex1-6E-lcwgs-1-1.clmp.r1r2_fastp	95.8928443407123	3.899647115989708	0.19685431386762467	0.009857651529031283	0.0006970056636688785	9.957223766698264e-05	0.0	0.0	0.0	0.0	0.0	0.0	0.0	0.0	0.0	0.0	0.0	0.0	0.0	0.0	0.0	0.0	0.0	0.0	0.0	0.0	0.0	0.0	0.0	0.0	0.0
Tzo-CMvi_047-Ex1-1F-lcwgs-1-1.clmp.r1r2_fastp	97.1231368573531	2.7752556753118265	0.0971897513639698	0.004068948920740363	0.00034876705034917393	0.0	0.0	0.0	0.0	0.0	0.0	0.0	0.0	0.0	0.0	0.0	0.0	0.0	0.0	0.0	0.0	0.0	0.0	0.0	0.0	0.0	0.0	0.0	0.0	0.0	0.0
Tzo-CMvi_048-Ex1-2A-lcwgs-1-1.clmp.r1r2_fastp	96.67580192012686	3.192282721730987	0.12490591838024488	0.006779622064797101	0.00022981769711176607	0.0	0.0	0.0	0.0	0.0	0.0	0.0	0.0	0.0	0.0	0.0	0.0	0.0	0.0	0.0	0.0	0.0	0.0	0.0	0.0	0.0	0.0	0.0	0.0	0.0	0.0
Tzo-CMvi_049-Ex1-5B-lcwgs-1-1.clmp.r1r2_fastp	96.31918826812719	3.5206087438047042	0.15221350113092563	0.0074384878380723855	0.00041324932433735474	0.0	0.0	0.00013774977477911822	0.0	0.0	0.0	0.0	0.0	0.0	0.0	0.0	0.0	0.0	0.0	0.0	0.0	0.0	0.0	0.0	0.0	0.0	0.0	0.0	0.0	0.0	0.0
Tzo-CMvi_050-Ex1-3B-lcwgs-2-1.clmp.r1r2_fastp	97.29945456964214	2.54755886656911	0.14300917919382733	0.009977384594918186	0.0	0.0	0.0	0.0	0.0	0.0	0.0	0.0	0.0	0.0	0.0	0.0	0.0	0.0	0.0	0.0	0.0	0.0	0.0	0.0	0.0	0.0	0.0	0.0	0.0	0.0	0.0
Tzo-CMvi_051-Ex1-6H-lcwgs-1-1.clmp.r1r2_fastp	96.13768111615911	3.675456558987003	0.17686250395515304	0.009104314549590157	0.0007462552909500128	0.00014925105819000258	0.0	0.0	0.0	0.0	0.0	0.0	0.0	0.0	0.0	0.0	0.0	0.0	0.0	0.0	0.0	0.0	0.0	0.0	0.0	0.0	0.0	0.0	0.0	0.0	0.0
Tzo-CMvi_052-Ex1-7E-lcwgs-1-1.clmp.r1r2_fastp	96.85563944866419	3.026776371752697	0.11366972546126572	0.003914454121844912	0.0	0.0	0.0	0.0	0.0	0.0	0.0	0.0	0.0	0.0	0.0	0.0	0.0	0.0	0.0	0.0	0.0	0.0	0.0	0.0	0.0	0.0	0.0	0.0	0.0	0.0	0.0
Tzo-CMvi_053-Ex1-3C-lcwgs-2-1.clmp.r1r2_fastp	97.89971774863025	2.025568653494936	0.07471359787481321	0.0	0.0	0.0	0.0	0.0	0.0	0.0	0.0	0.0	0.0	0.0	0.0	0.0	0.0	0.0	0.0	0.0	0.0	0.0	0.0	0.0	0.0	0.0	0.0	0.0	0.0	0.0	0.0
Tzo-CMvi_054-Ex1-3D-lcwgs-2-1.clmp.r1r2_fastp	96.93050589131836	2.955184946362624	0.11357641127850403	0.0007327510405064775	0.0	0.0	0.0	0.0	0.0	0.0	0.0	0.0	0.0	0.0	0.0	0.0	0.0	0.0	0.0	0.0	0.0	0.0	0.0	0.0	0.0	0.0	0.0	0.0	0.0	0.0	0.0
Tzo-CMvi_057-Ex1-1H-lcwgs-1-1.clmp.r1r2_fastp	97.00163026114217	2.8941914095887755	0.09967258239372583	0.004505746875332811	0.0	0.0	0.0	0.0	0.0	0.0	0.0	0.0	0.0	0.0	0.0	0.0	0.0	0.0	0.0	0.0	0.0	0.0	0.0	0.0	0.0	0.0	0.0	0.0	0.0	0.0	0.0
Tzo-CMvi_058-Ex1-3E-lcwgs-2-1.clmp.r1r2_fastp	96.58714492873113	3.2717237900781315	0.13482644732311302	0.005334859426454113	0.000969974441173475	0.0	0.0	0.0	0.0	0.0	0.0	0.0	0.0	0.0	0.0	0.0	0.0	0.0	0.0	0.0	0.0	0.0	0.0	0.0	0.0	0.0	0.0	0.0	0.0	0.0	0.0
Tzo-CMvi_061-Ex1-3F-lcwgs-2-1.clmp.r1r2_fastp	95.80998382142606	3.9789913010856055	0.20164599404440903	0.00820652301343525	0.00117236043049075	0.0	0.0	0.0	0.0	0.0	0.0	0.0	0.0	0.0	0.0	0.0	0.0	0.0	0.0	0.0	0.0	0.0	0.0	0.0	0.0	0.0	0.0	0.0	0.0	0.0	0.0
Tzo-CMvi_062-Ex1-3G-lcwgs-2-1.clmp.r1r2_fastp	96.40421236427129	3.4457357996398756	0.14186719048398536	0.00818464560484531	0.0	0.0	0.0	0.0	0.0	0.0	0.0	0.0	0.0	0.0	0.0	0.0	0.0	0.0	0.0	0.0	0.0	0.0	0.0	0.0	0.0	0.0	0.0	0.0	0.0	0.0	0.0
Tzo-CMvi_063-Ex1-7A-lcwgs-1-1.clmp.r1r2_fastp	96.98622666445743	2.9027464477266887	0.10619963182388083	0.004566323235670551	0.0002609327563240315	0.0	0.0	0.0	0.0	0.0	0.0	0.0	0.0	0.0	0.0	0.0	0.0	0.0	0.0	0.0	0.0	0.0	0.0	0.0	0.0	0.0	0.0	0.0	0.0	0.0	0.0
Tzo-CMvi_064-Ex1-3A-lcwgs-1-1.clmp.r1r2_fastp	96.27965046853812	3.562610050800461	0.15078224614948693	0.006451253820154224	0.0003794855188326014	0.00012649517294420045	0.0	0.0	0.0	0.0	0.0	0.0	0.0	0.0	0.0	0.0	0.0	0.0	0.0	0.0	0.0	0.0	0.0	0.0	0.0	0.0	0.0	0.0	0.0	0.0	0.0
Tzo-CMvi_065-Ex1-1E-lcwgs-1-1.clmp.r1r2_fastp	97.02460402206799	2.8624183255790303	0.10852846210561105	0.004131390943991051	0.000317799303383927	0.0	0.0	0.0	0.0	0.0	0.0	0.0	0.0	0.0	0.0	0.0	0.0	0.0	0.0	0.0	0.0	0.0	0.0	0.0	0.0	0.0	0.0	0.0	0.0	0.0	0.0
Tzo-CMvi_066-Ex1-5F-lcwgs-1-1.clmp.r1r2_fastp	96.23036758345405	3.6057466832028844	0.15554814436535314	0.007816489666600661	0.0005210993111067107	0.0	0.0	0.0	0.0	0.0	0.0	0.0	0.0	0.0	0.0	0.0	0.0	0.0	0.0	0.0	0.0	0.0	0.0	0.0	0.0	0.0	0.0	0.0	0.0	0.0	0.0
Tzo-CMvi_067-Ex1-6A-lcwgs-1-1.clmp.r1r2_fastp	95.86911381928681	3.921651448482222	0.19637946781653945	0.01224310896611842	0.000612155448305921	0.0	0.0	0.0	0.0	0.0	0.0	0.0	0.0	0.0	0.0	0.0	0.0	0.0	0.0	0.0	0.0	0.0	0.0	0.0	0.0	0.0	0.0	0.0	0.0	0.0	0.0
Tzo-CMvi_068-Ex1-6F-lcwgs-1-1.clmp.r1r2_fastp	96.11636218167865	3.695456502970693	0.17736395123613896	0.009796858065977757	0.0010205060485393496	0.0	0.0	0.0	0.0	0.0	0.0	0.0	0.0	0.0	0.0	0.0	0.0	0.0	0.0	0.0	0.0	0.0	0.0	0.0	0.0	0.0	0.0	0.0	0.0	0.0	0.0
Tzo-CMvi_069-Ex1-7G-lcwgs-1-1.clmp.r1r2_fastp	96.86278471409015	3.014134683577708	0.11720489518563112	0.00546337682043839	0.0004123303260708218	0.0	0.0	0.0	0.0	0.0	0.0	0.0	0.0	0.0	0.0	0.0	0.0	0.0	0.0	0.0	0.0	0.0	0.0	0.0	0.0	0.0	0.0	0.0	0.0	0.0	0.0
Tzo-CMvi_070-Ex1-3H-lcwgs-2-1.clmp.r1r2_fastp	99.93975903614458	0.06024096385542169	0.0	0.0	0.0	0.0	0.0	0.0	0.0	0.0	0.0	0.0	0.0	0.0	0.0	0.0	0.0	0.0	0.0	0.0	0.0	0.0	0.0	0.0	0.0	0.0	0.0	0.0	0.0	0.0	0.0
Tzo-CMvi_071-Ex1-4A-lcwgs-2-1.clmp.r1r2_fastp	96.62662417259132	3.2507967639127235	0.1176759009561167	0.004903162539838196	0.0	0.0	0.0	0.0	0.0	0.0	0.0	0.0	0.0	0.0	0.0	0.0	0.0	0.0	0.0	0.0	0.0	0.0	0.0	0.0	0.0	0.0	0.0	0.0	0.0	0.0	0.0
Tzo-CMvi_075-Ex1-3D-lcwgs-1-1.clmp.r1r2_fastp	96.13326211608131	3.690665191653225	0.16593901213508194	0.009605884290262379	0.00042223667209944515	0.00010555916802486129	0.0	0.0	0.0	0.0	0.0	0.0	0.0	0.0	0.0	0.0	0.0	0.0	0.0	0.0	0.0	0.0	0.0	0.0	0.0	0.0	0.0	0.0	0.0	0.0	0.0
Tzo-CMvi_076-Ex1-5A-lcwgs-1-1.clmp.r1r2_fastp	96.30157849791793	3.538854994761817	0.15164320488779723	0.007373073096866774	0.0005502293355870726	0.0	0.0	0.0	0.0	0.0	0.0	0.0	0.0	0.0	0.0	0.0	0.0	0.0	0.0	0.0	0.0	0.0	0.0	0.0	0.0	0.0	0.0	0.0	0.0	0.0	0.0
Tzo-CMvi_077-Ex1-6D-lcwgs-1-1.clmp.r1r2_fastp	95.86949808993622	3.9233504195082354	0.1940060169214889	0.01217500242617802	0.0008822465526215956	8.822465526215957e-05	0.0	0.0	0.0	0.0	0.0	0.0	0.0	0.0	0.0	0.0	0.0	0.0	0.0	0.0	0.0	0.0	0.0	0.0	0.0	0.0	0.0	0.0	0.0	0.0	0.0
Tzo-CMvi_078-Ex1-4B-lcwgs-2-1.clmp.r1r2_fastp	96.30005151983514	3.531375579598145	0.16032972694487377	0.0074188562596599695	0.000824317362184441	0.0	0.0	0.0	0.0	0.0	0.0	0.0	0.0	0.0	0.0	0.0	0.0	0.0	0.0	0.0	0.0	0.0	0.0	0.0	0.0	0.0	0.0	0.0	0.0	0.0	0.0
Tzo-CMvi_079-Ex1-7C-lcwgs-1-1.clmp.r1r2_fastp	96.75727218147786	3.115589720649346	0.12148751574511166	0.005179700283706311	0.0002354409219866505	0.0002354409219866505	0.0	0.0	0.0	0.0	0.0	0.0	0.0	0.0	0.0	0.0	0.0	0.0	0.0	0.0	0.0	0.0	0.0	0.0	0.0	0.0	0.0	0.0	0.0	0.0	0.0
Tzo-CMvi_080-Ex1-4C-lcwgs-2-1.clmp.r1r2_fastp	96.51457636273612	3.3376344731353806	0.1440381701150805	0.0037509940134135547	0.0	0.0	0.0	0.0	0.0	0.0	0.0	0.0	0.0	0.0	0.0	0.0	0.0	0.0	0.0	0.0	0.0	0.0	0.0	0.0	0.0	0.0	0.0	0.0	0.0	0.0	0.0
Tzo-CMvi_081-Ex1-4D-lcwgs-2-1.clmp.r1r2_fastp	96.52997460164862	3.348555022182959	0.11757293094376636	0.0038974452246552387	0.0	0.0	0.0	0.0	0.0	0.0	0.0	0.0	0.0	0.0	0.0	0.0	0.0	0.0	0.0	0.0	0.0	0.0	0.0	0.0	0.0	0.0	0.0	0.0	0.0	0.0	0.0
Tzo-CMvi_082-Ex1-6C-lcwgs-1-1.clmp.r1r2_fastp	95.93321190979673	3.86159646225323	0.19544816089647615	0.009164647228610679	0.00048234985413740417	0.0	0.0	0.0	0.0	9.646997082748083e-05	0.0	0.0	0.0	0.0	0.0	0.0	0.0	0.0	0.0	0.0	0.0	0.0	0.0	0.0	0.0	0.0	0.0	0.0	0.0	0.0	0.0
Tzo-CMvi_083-Ex1-4E-lcwgs-2-1.clmp.r1r2_fastp	97.129615043404	2.762600426163451	0.10529719511487344	0.0024873353176741754	0.0	0.0	0.0	0.0	0.0	0.0	0.0	0.0	0.0	0.0	0.0	0.0	0.0	0.0	0.0	0.0	0.0	0.0	0.0	0.0	0.0	0.0	0.0	0.0	0.0	0.0	0.0
Tzo-CMvi_087-Ex1-2D-lcwgs-1-1.clmp.r1r2_fastp	96.28182178070013	3.5566284074414214	0.1534190044959366	0.007064471970707766	0.001066335391804946	0.0	0.0	0.0	0.0	0.0	0.0	0.0	0.0	0.0	0.0	0.0	0.0	0.0	0.0	0.0	0.0	0.0	0.0	0.0	0.0	0.0	0.0	0.0	0.0	0.0	0.0
Tzo-CMvi_088-Ex1-4F-lcwgs-2-1.clmp.r1r2_fastp	96.24488199843584	3.6021530109950772	0.14146386345861894	0.011501127110456826	0.0	0.0	0.0	0.0	0.0	0.0	0.0	0.0	0.0	0.0	0.0	0.0	0.0	0.0	0.0	0.0	0.0	0.0	0.0	0.0	0.0	0.0	0.0	0.0	0.0	0.0	0.0
Tzo-CMvi_089-Ex1-5D-lcwgs-1-1.clmp.r1r2_fastp	95.88745116906495	3.90942134910349	0.19101902133252915	0.011095585476292968	0.000874755701450483	0.00013811932128165522	0.0	0.0	0.0	0.0	0.0	0.0	0.0	0.0	0.0	0.0	0.0	0.0	0.0	0.0	0.0	0.0	0.0	0.0	0.0	0.0	0.0	0.0	0.0	0.0	0.0
Tzo-CMvi_090-Ex1-3F-lcwgs-1-1.clmp.r1r2_fastp	96.95031800835908	2.925531528257314	0.11862620388878792	0.005233508995093585	0.00029075049972742144	0.0	0.0	0.0	0.0	0.0	0.0	0.0	0.0	0.0	0.0	0.0	0.0	0.0	0.0	0.0	0.0	0.0	0.0	0.0	0.0	0.0	0.0	0.0	0.0	0.0	0.0
Tzo-CMvi_091-Ex1-2C-lcwgs-1-1.clmp.r1r2_fastp	96.26102289490244	3.5728726405404574	0.15671635548028542	0.0090163027767424	0.00037180630007185156	0.0	0.0	0.0	0.0	0.0	0.0	0.0	0.0	0.0	0.0	0.0	0.0	0.0	0.0	0.0	0.0	0.0	0.0	0.0	0.0	0.0	0.0	0.0	0.0	0.0	0.0
Tzo-CMvi_092-Ex1-4G-lcwgs-2-1.clmp.r1r2_fastp	96.23503518191217	3.584886784273185	0.17007369860272786	0.00833694600993764	0.001667389201987528	0.0	0.0	0.0	0.0	0.0	0.0	0.0	0.0	0.0	0.0	0.0	0.0	0.0	0.0	0.0	0.0	0.0	0.0	0.0	0.0	0.0	0.0	0.0	0.0	0.0	0.0
Tzo-CMvi_093-Ex1-4H-lcwgs-2-1.clmp.r1r2_fastp	97.04803986086303	2.83287894456457	0.10968004763247782	0.0062674312932844475	0.0031337156466422237	0.0	0.0	0.0	0.0	0.0	0.0	0.0	0.0	0.0	0.0	0.0	0.0	0.0	0.0	0.0	0.0	0.0	0.0	0.0	0.0	0.0	0.0	0.0	0.0	0.0	0.0
Tzo-CMvi_094-Ex1-8C-lcwgs-1-1.clmp.r1r2_fastp	96.22309418304413	3.6091849045541164	0.15932077258735583	0.008005502373462325	0.0003946374409453258	0.0	0.0	0.0	0.0	0.0	0.0	0.0	0.0	0.0	0.0	0.0	0.0	0.0	0.0	0.0	0.0	0.0	0.0	0.0	0.0	0.0	0.0	0.0	0.0	0.0	0.0
