Sample	fastp_mqc-generalstats-fastp-pct_duplication	fastp_mqc-generalstats-fastp-after_filtering_q30_rate	fastp_mqc-generalstats-fastp-after_filtering_q30_bases	fastp_mqc-generalstats-fastp-after_filtering_gc_content	fastp_mqc-generalstats-fastp-pct_surviving	fastp_mqc-generalstats-fastp-pct_adapter
Tzo-ABol_002-Ex1-2A-lcwgs-1-1.clmp.r1r2_fastp	1.24692	0.951293	119918431.0	0.392211	98.42618809203181	1.3026138600186457
Tzo-ABol_003-Ex1-3A-lcwgs-1-1.clmp.r1r2_fastp	1.4923499999999998	0.948151	122816305.0	0.392944	98.28967950843257	1.258421977399232
Tzo-ABol_008-Ex1-8A-lcwgs-1-1.clmp.r1r2_fastp	1.5628199999999999	0.946305	447598522.0	0.389076	98.20268771188069	1.2393410781421288
Tzo-ABol_009-Ex1-9A-lcwgs-1-1.clmp.r1r2_fastp	1.6271399999999998	0.943552	422450906.0	0.420814	98.03133560950594	1.233991444110066
Tzo-ABol_010-Ex1-10A-lcwgs-1-1.clmp.r1r2_fastp	1.36423	0.949007	630040672.0	0.393383	98.31781883088395	1.3313725516994428
Tzo-ABol_011-Ex1-11A-lcwgs-1-1.clmp.r1r2_fastp	0.180254	0.926878	3044210.0	0.393553	97.46857045338187	1.6610728710393083
Tzo-ABol_012-Ex1-12A-lcwgs-1-1.clmp.r1r2_fastp	1.3769200000000001	0.950277	171718336.0	0.383484	98.43192915633597	1.3416937161382538
Tzo-ABol_020-Ex1-8B-lcwgs-1-1.clmp.r1r2_fastp	1.43619	0.949052	724524812.0	0.387028	98.29484713195056	1.3642764608593139
Tzo-ABol_023-Ex1-11B-lcwgs-1-1.clmp.r1r2_fastp	1.4174499999999999	0.947712	823783012.0	0.38432	98.30778591705445	1.3408008730655385
Tzo-ABol_024-Ex1-12B-lcwgs-1-1.clmp.r1r2_fastp	0.21655200000000002	0.927687	3034671.0	0.395024	97.37821283416338	1.6486347243688821
Tzo-ABol_026-Ex1-2C-lcwgs-1-1.clmp.r1r2_fastp	1.25108	0.950826	343331702.0	0.38286	98.43706533981123	1.301292721692673
Tzo-ABol_030-Ex1-6C-lcwgs-1-1.clmp.r1r2_fastp	1.21789	0.948638	736344276.0	0.38872	98.37653870772955	1.3337907445809085
Tzo-ABol_034-Ex1-10C-lcwgs-1-1.clmp.r1r2_fastp	1.23015	0.94755	711266706.0	0.390085	98.3226241672991	1.3095057400648091
Tzo-ABol_035-Ex1-11C-lcwgs-1-1.clmp.r1r2_fastp	1.2103300000000001	0.948785	41432727.0	0.384813	98.40981090981091	1.4210639210639209
Tzo-ABol_036-Ex1-12C-lcwgs-1-1.clmp.r1r2_fastp	1.33049	0.948674	837821025.0	0.408335	98.32613952240969	1.3302962882314093
Tzo-ABol_038-Ex1-2D-lcwgs-1-1.clmp.r1r2_fastp	1.4758200000000001	0.947827	464889704.0	0.39432	98.2455083708035	1.2423526246195133
Tzo-ABol_043-Ex1-7D-lcwgs-1-1.clmp.r1r2_fastp	1.1966299999999999	0.952076	409550702.0	0.390627	98.44890751056377	1.465384022111732
Tzo-ABol_044-Ex1-8D-lcwgs-1-1.clmp.r1r2_fastp	1.45246	0.943267	767527801.0	0.437517	97.8922771892402	1.3471713565874435
Tzo-ABol_045-Ex1-9D-lcwgs-1-1.clmp.r1r2_fastp	1.15449	0.951758	441070258.0	0.392823	98.43096284741655	1.5366602543348142
Tzo-ABol_046-Ex1-10D-lcwgs-1-1.clmp.r1r2_fastp	1.0655599999999998	0.950503	137251291.0	0.401494	98.4195209103335	1.4996837171016093
Tzo-ABol_047-Ex1-11D-lcwgs-1-1.clmp.r1r2_fastp	1.3953	0.947025	720691952.0	0.395486	98.27876076097982	1.3478272013122654
Tzo-ABol_048-Ex1-12D-lcwgs-1-1.clmp.r1r2_fastp	1.3990900000000002	0.94807	181990809.0	0.383437	98.39855502914571	1.393488938149259
Tzo-ABol_050-Ex1-2E-lcwgs-1-1.clmp.r1r2_fastp	1.33031	0.950074	318845832.0	0.398208	98.37020568659776	1.3593299686569722
Tzo-ABol_051-Ex1-3E-lcwgs-1-1.clmp.r1r2_fastp	1.274	0.950534	134160138.0	0.395361	98.33615358658342	1.3461816572706293
Tzo-ABol_052-Ex1-4E-lcwgs-1-1.clmp.r1r2_fastp	1.18617	0.951994	327113080.0	0.390924	98.46260440973988	1.4001017647423553
Tzo-ABol_053-Ex1-5E-lcwgs-1-1.clmp.r1r2_fastp	1.37093	0.950044	1141921418.0	0.384403	98.3279484365511	1.3416811967437687
Tzo-ABol_054-Ex1-6E-lcwgs-1-1.clmp.r1r2_fastp	1.4687000000000001	0.944868	1105860408.0	0.402897	98.11623855156182	1.2837388390312112
Tzo-ABol_055-Ex1-7E-lcwgs-1-1.clmp.r1r2_fastp	1.43976	0.948947	402215901.0	0.387718	98.32908728207381	1.3140961926783081
Tzo-ABol_056-Ex1-8E-lcwgs-1-1.clmp.r1r2_fastp	1.37464	0.948493	241391680.0	0.389462	98.32001078158035	1.390093861518462
Tzo-ABol_057-Ex1-9E-lcwgs-1-1.clmp.r1r2_fastp	1.42465	0.947136	906847958.0	0.395132	98.21343931730962	1.3203514521333393
Tzo-ABol_058-Ex1-10E-lcwgs-1-1.clmp.r1r2_fastp	1.2450299999999999	0.948483	248005601.0	0.382858	98.36686197301697	1.376612896696345
Tzo-ABol_059-Ex1-11E-lcwgs-1-1.clmp.r1r2_fastp	1.28866	0.948646	208214087.0	0.386005	98.3703012171977	1.3661317123446144
Tzo-ABol_060-Ex1-12E-lcwgs-1-1.clmp.r1r2_fastp	1.39152	0.949779	214536265.0	0.389572	98.36809052170632	1.3553581027870643
Tzo-ABol_061-Ex1-1F-lcwgs-1-1.clmp.r1r2_fastp	1.15126	0.953266	211332195.0	0.400281	98.47503250766046	1.3635977034305256
Tzo-ABol_062-Ex1-2F-lcwgs-1-1.clmp.r1r2_fastp	1.12424	0.956069	693080105.0	0.400823	98.53548152719601	1.3352379859795636
Tzo-ABol_063-Ex1-3F-lcwgs-1-1.clmp.r1r2_fastp	0.291385	0.936987	5202358.0	0.391379	97.65852741121525	2.123624737485503
Tzo-ABol_065-Ex1-5F-lcwgs-1-1.clmp.r1r2_fastp	1.2743900000000001	0.951949	370987098.0	0.397774	98.43986643637635	1.333581136684695
Tzo-ABol_066-Ex1-6F-lcwgs-1-1.clmp.r1r2_fastp	1.2496399999999999	0.947641	373812314.0	0.396236	98.36346476567111	1.2679498930644668
Tzo-ABol_067-Ex1-7F-lcwgs-1-1.clmp.r1r2_fastp	1.15785	0.954085	316261871.0	0.389772	98.53215121154054	1.3329841692707087
Tzo-ABol_068-Ex1-8F-lcwgs-1-1.clmp.r1r2_fastp	1.3709	0.948269	489749552.0	0.419118	98.20665664557686	1.2606019481646167
Tzo-ABol_069-Ex1-9F-lcwgs-1-1.clmp.r1r2_fastp	1.29058	0.95102	577062653.0	0.389705	98.41030876316259	1.342737819025522
Tzo-ABol_070-Ex1-10F-lcwgs-1-1.clmp.r1r2_fastp	1.36327	0.948899	206988485.0	0.387198	98.35939842686781	1.2979823442767184
Tzo-ABol_071-Ex1-11F-lcwgs-1-1.clmp.r1r2_fastp	1.23889	0.95177	127576617.0	0.38501	98.50790964129939	1.313195755484669
Tzo-ABol_072-Ex1-12F-lcwgs-1-1.clmp.r1r2_fastp	1.51946	0.949857	288236183.0	0.387217	98.41758917218563	1.2743532417757906
Tzo-ABol_073-Ex1-1G-lcwgs-1-1.clmp.r1r2_fastp	1.24604	0.950586	269377311.0	0.393323	98.42761215347903	1.3800338553004003
Tzo-ABol_075-Ex1-3G-lcwgs-1-1.clmp.r1r2_fastp	1.16773	0.954387	815978771.0	0.398967	98.48451606341268	1.3537995823251605
Tzo-ABol_076-Ex1-4G-lcwgs-1-1.clmp.r1r2_fastp	1.0359099999999999	0.955837	573915289.0	0.407166	98.55753728541688	1.3903962322105048
Tzo-ABol_077-Ex1-5G-lcwgs-1-1.clmp.r1r2_fastp	1.43188	0.949276	251017070.0	0.384569	98.40638373639062	1.2913847513209897
Tzo-ABol_078-Ex1-6G-lcwgs-1-1.clmp.r1r2_fastp	1.32602	0.948397	374683836.0	0.382675	98.39116167303551	1.286596023087905
Tzo-ABol_079-Ex1-7G-lcwgs-1-1.clmp.r1r2_fastp	1.41176	0.949107	281924765.0	0.380966	98.41275587975696	1.2418680892022707
Tzo-ABol_080-Ex1-8G-lcwgs-1-1.clmp.r1r2_fastp	1.51836	0.947621	1034207347.0	0.384033	98.27619926830103	1.2321947550176087
Tzo-ABol_081-Ex1-9G-lcwgs-1-1.clmp.r1r2_fastp	1.3961700000000001	0.948894	593484706.0	0.388204	98.38869924610842	1.2935120904409996
Tzo-ABol_082-Ex1-10G-lcwgs-1-1.clmp.r1r2_fastp	1.3837300000000001	0.943708	230907848.0	0.439242	98.0482407100391	1.2663186385262526
Tzo-ABol_083-Ex1-11G-lcwgs-1-1.clmp.r1r2_fastp	1.39993	0.948839	273994459.0	0.392306	98.36690152632626	1.28198589795897
Tzo-ABol_084-Ex1-12G-lcwgs-1-1.clmp.r1r2_fastp	1.39184	0.951644	427798942.0	0.386546	98.51172809785628	1.316953449806556
Tzo-ABol_085-Ex1-1H-lcwgs-1-1.clmp.r1r2_fastp	1.21641	0.953061	308730684.0	0.395767	98.49668038350585	1.368254708976752
Tzo-ABol_086-Ex1-2H-lcwgs-1-1.clmp.r1r2_fastp	1.34085	0.950763	212398958.0	0.430465	98.3541865441366	1.2896201425758573
Tzo-ABol_087-Ex1-3H-lcwgs-1-1.clmp.r1r2_fastp	1.32461	0.952982	346428321.0	0.391059	98.50524482661407	1.2735412053039483
Tzo-ABol_088-Ex1-4H-lcwgs-1-1.clmp.r1r2_fastp	1.2786	0.950783	181990457.0	0.407908	98.4251411377415	1.290721403780555
Tzo-ABol_090-Ex1-6H-lcwgs-1-1.clmp.r1r2_fastp	0.947511	0.952656	44587830.0	0.418378	98.42685707342524	1.3558619408052262
Tzo-ABol_091-Ex1-7H-lcwgs-1-1.clmp.r1r2_fastp	1.36523	0.951187	218849647.0	0.393216	98.4527375906765	1.2789505454819474
Tzo-ABol_092-Ex1-8H-lcwgs-1-1.clmp.r1r2_fastp	1.4643899999999999	0.949542	246496853.0	0.396464	98.35073446001113	1.2499909682733508
Tzo-ABol_093-Ex1-9H-lcwgs-1-1.clmp.r1r2_fastp	1.48467	0.946937	128924744.0	0.390965	98.30965610536755	1.2300591472248201
Tzo-ABol_095-Ex1-11H-lcwgs-1-1.clmp.r1r2_fastp	1.42872	0.947869	96254896.0	0.393857	98.36577187494146	1.254893880074181
Tzo-ABol_096-Ex1-12H-lcwgs-1-1.clmp.r1r2_fastp	1.49096	0.949517	155517370.0	0.393401	98.40419767149601	1.2426528066336306
Tzo-AMta_001-Ex1-5D-lcwgs-1-1.clmp.r1r2_fastp	0.9731500000000001	0.953442	381787813.0	0.428082	98.4393025372469	1.3996657634917962
Tzo-AMta_002-Ex1-5E-lcwgs-1-1.clmp.r1r2_fastp	1.15002	0.95261	887349492.0	0.407112	98.49132237481372	1.3076318170947323
Tzo-AMta_003-Ex1-5F-lcwgs-1-1.clmp.r1r2_fastp	1.43533	0.947412	1284544248.0	0.43841	98.06539716062328	1.3849027714453979
Tzo-AMta_004-Ex1-5G-lcwgs-1-1.clmp.r1r2_fastp	1.11519	0.952766	738509694.0	0.420004	98.44326542038088	1.3512680097626693
Tzo-AMta_005-Ex1-5H-lcwgs-1-1.clmp.r1r2_fastp	1.08846	0.952725	875902510.0	0.406853	98.45783451461075	1.3433098861628396
Tzo-AMta_006-Ex1-1B-lcwgs-2-1.clmp.r1r2_fastp	0.546981	0.961107	83979233.0	0.420394	98.75184669100464	1.5491223424651388
Tzo-AMta_006-Ex1-6A-lcwgs-1-1.clmp.r1r2_fastp	1.39857	0.953797	247621186.0	0.40188	98.43292260032538	1.3971032240493633
Tzo-AMta_007-Ex1-6B-lcwgs-1-1.clmp.r1r2_fastp	1.26185	0.952159	864058427.0	0.416051	98.38719756542781	1.4246154853879365
Tzo-AMta_008-Ex1-6C-lcwgs-1-1.clmp.r1r2_fastp	1.16761	0.954819	827572105.0	0.408516	98.50278224715554	1.403451254462476
Tzo-AMta_009-Ex1-6D-lcwgs-1-1.clmp.r1r2_fastp	1.1044999999999998	0.954122	880439017.0	0.401196	98.49762286483528	1.3801385334357672
Tzo-AMta_010-Ex1-6E-lcwgs-1-1.clmp.r1r2_fastp	1.08815	0.95485	883207768.0	0.400392	98.57431498046289	1.3473498887799105
Tzo-AMta_011-Ex1-6F-lcwgs-1-1.clmp.r1r2_fastp	0.684977	0.943233	10454892.0	0.401951	98.07264408160708	1.7048481619605753
Tzo-AMta_012-Ex1-6G-lcwgs-1-1.clmp.r1r2_fastp	1.13296	0.952875	635201075.0	0.40834	98.46413190902612	1.3458648726697786
Tzo-AMta_013-Ex1-6H-lcwgs-1-1.clmp.r1r2_fastp	1.0368499999999998	0.953755	610241196.0	0.403583	98.49805717825262	1.3704687019261137
Tzo-AMta_014-Ex1-7A-lcwgs-1-1.clmp.r1r2_fastp	1.4416099999999998	0.953827	537357867.0	0.391405	98.45980674308183	1.3757307735346804
Tzo-AMta_015-Ex1-7B-lcwgs-1-1.clmp.r1r2_fastp	1.4652500000000002	0.952362	1025753188.0	0.388093	98.43056730199751	1.388024235622156
Tzo-AMta_016-Ex1-7C-lcwgs-1-1.clmp.r1r2_fastp	1.1854399999999998	0.954728	607582532.0	0.407971	98.50562160428875	1.3883594726341641
Tzo-AMta_017-Ex1-7D-lcwgs-1-1.clmp.r1r2_fastp	1.19079	0.953842	858875710.0	0.421148	98.44514821072612	1.3658348828455553
Tzo-AMta_018-Ex1-7E-lcwgs-1-1.clmp.r1r2_fastp	0.971936	0.956821	559887191.0	0.392182	98.67200723757414	1.3563120519619594
Tzo-AMta_019-Ex1-7F-lcwgs-1-1.clmp.r1r2_fastp	1.14611	0.955138	578230929.0	0.393837	98.57875200226486	1.4137039273333192
Tzo-AMta_020-Ex1-7G-lcwgs-1-1.clmp.r1r2_fastp	1.04216	0.955813	710879920.0	0.399776	98.57798062309179	1.3693179525575097
Tzo-AMta_021-Ex1-7H-lcwgs-1-1.clmp.r1r2_fastp	1.0909900000000001	0.954853	459257329.0	0.400613	98.52823334305778	1.3561676677835537
Tzo-AMta_022-Ex1-8A-lcwgs-1-1.clmp.r1r2_fastp	1.41068	0.953284	907858251.0	0.394524	98.39878132436426	1.4032357175054684
Tzo-AMta_023-Ex1-8B-lcwgs-1-1.clmp.r1r2_fastp	1.03841	0.954623	636234100.0	0.385887	98.5225269876634	1.4482816140686243
Tzo-AMta_024-Ex1-8C-lcwgs-1-1.clmp.r1r2_fastp	1.02129	0.954861	580359822.0	0.395293	98.52808902172782	1.419096363498203
Tzo-AMta_025-Ex1-1E-lcwgs-2-1.clmp.r1r2_fastp	0.9062779999999999	0.957051	316724554.0	0.406949	98.59612156819723	1.4977279359282816
Tzo-AMta_025-Ex1-8D-lcwgs-1-1.clmp.r1r2_fastp	0.8795270000000001	0.958382	391509004.0	0.420947	98.60665683442244	1.4499061886060123
Tzo-AMta_026-Ex1-8E-lcwgs-1-1.clmp.r1r2_fastp	0.8804080000000001	0.95665	550873952.0	0.399144	98.63101136820968	1.3717473808112235
Tzo-AMta_027-Ex1-1C-lcwgs-2-1.clmp.r1r2_fastp	0.474123	0.960957	50378244.0	0.426695	98.793738618528	1.5262233772524252
Tzo-AMta_027-Ex1-8F-lcwgs-1-1.clmp.r1r2_fastp	0.8658229999999999	0.958364	107943720.0	0.426882	98.61834023018233	1.4915783007888272
Tzo-AMta_028-Ex1-8G-lcwgs-1-1.clmp.r1r2_fastp	0.9964209999999999	0.957852	433235950.0	0.410063	98.60092719659076	1.4050804058205284
Tzo-AMta_029-Ex1-8H-lcwgs-1-1.clmp.r1r2_fastp	0.8390130000000001	0.959236	351472171.0	0.421647	98.63907873208233	1.4102413552846864
Tzo-AMta_030-Ex1-9A-lcwgs-1-1.clmp.r1r2_fastp	1.17112	0.957699	57055262.0	0.41204	98.58539325554493	1.3820310315727913
Tzo-AMta_031-Ex1-9B-lcwgs-1-1.clmp.r1r2_fastp	1.19161	0.955274	780563666.0	0.392464	98.5467025355969	1.4335031859913616
Tzo-AMvi_001-Ex1-1A-lcwgs-1-1.clmp.r1r2_fastp	1.3378700000000001	0.945343	32676641.0	0.381408	98.31332615834644	1.2291304467809145
Tzo-AMvi_002-Ex1-1E-lcwgs-1-1.clmp.r1r2_fastp	1.35	0.948845	34492506.0	0.389289	98.43606827253102	1.3216543198372392
Tzo-AMvi_003-Ex1-2A-lcwgs-1-1.clmp.r1r2_fastp	1.4994	0.946564	113805144.0	0.364036	98.34542490286357	1.1389318866310265
Tzo-AMvi_004-Ex1-2E-lcwgs-1-1.clmp.r1r2_fastp	1.54852	0.947454	15784963.0	0.374285	98.4041333188474	1.2783833701517402
Tzo-AMvi_005-Ex1-3A-lcwgs-1-1.clmp.r1r2_fastp	1.7600399999999998	0.943765	324042157.0	0.37526	98.22186890170303	1.0958353499954216
Tzo-AMvi_006-Ex1-1A-lcwgs-2-1.clmp.r1r2_fastp	3.68775	0.920136	412035794.0	0.519797	96.93150319857611	0.6994670978672282
Tzo-AMvi_007-Ex1-4A-lcwgs-1-1.clmp.r1r2_fastp	1.5783399999999999	0.943978	11662120.0	0.371076	98.14740368509213	1.1490787269681744
Tzo-AMvi_008-Ex1-1B-lcwgs-2-1.clmp.r1r2_fastp	2.36773	0.935697	244872028.0	0.403903	97.77558941087877	0.8814613141786866
Tzo-AMvi_009-Ex1-5A-lcwgs-1-1.clmp.r1r2_fastp	1.21665	0.944325	8237892.0	0.371611	98.14550014299228	1.3419275359130607
Tzo-AMvi_010-Ex1-5E-lcwgs-1-1.clmp.r1r2_fastp	1.54151	0.944334	6977282.0	0.391769	98.23431097692473	1.210373086047013
Tzo-AMvi_011-Ex1-6A-lcwgs-1-1.clmp.r1r2_fastp	0.600858	0.936831	3112507.0	0.386063	97.09610766739264	1.7255821745686046
Tzo-AMvi_012-Ex1-6E-lcwgs-1-1.clmp.r1r2_fastp	1.37369	0.945088	28567052.0	0.38358	98.30961084752794	1.164087008374167
Tzo-AMvi_013-Ex1-1B-lcwgs-1-1.clmp.r1r2_fastp	1.4203999999999999	0.945019	18138644.0	0.390953	98.31282558388467	1.2274066447147096
Tzo-AMvi_014-Ex1-1C-lcwgs-2-1.clmp.r1r2_fastp	0.15785300000000002	0.924202	1416139.0	0.40684	97.16431438560144	1.7091803703224135
Tzo-AMvi_015-Ex1-2B-lcwgs-1-1.clmp.r1r2_fastp	1.7983099999999999	0.943189	60324727.0	0.386812	98.14653481149455	1.0128552142424867
Tzo-AMvi_016-Ex1-2F-lcwgs-1-1.clmp.r1r2_fastp	1.5985200000000002	0.94369	6610855.0	0.401328	98.38207840696951	1.057871810827629
Tzo-AMvi_017-Ex1-3B-lcwgs-1-1.clmp.r1r2_fastp	1.7948700000000002	0.943167	11134931.0	0.383139	98.21253157451586	1.084058377771541
Tzo-AMvi_018-Ex1-3F-lcwgs-1-1.clmp.r1r2_fastp	1.75895	0.943482	6418706.0	0.405714	98.10385499716324	0.9883842455731732
Tzo-AMvi_019-Ex1-1D-lcwgs-2-1.clmp.r1r2_fastp	0.0786906	0.92648	1176645.0	0.403686	97.23731181126804	1.5055098556573026
Tzo-AMvi_020-Ex1-4F-lcwgs-1-1.clmp.r1r2_fastp	1.70283	0.943437	7124313.0	0.393754	98.0731211538997	1.1722774482777825
Tzo-AMvi_021-Ex1-1E-lcwgs-2-1.clmp.r1r2_fastp	2.8219399999999997	0.932598	540061481.0	0.429553	97.5588254411908	0.8015372615294616
Tzo-AMvi_022-Ex1-5F-lcwgs-1-1.clmp.r1r2_fastp	2.07611	0.938171	21386619.0	0.398571	97.9514091350826	1.0204081632653061
Tzo-AMvi_023-Ex1-6B-lcwgs-1-1.clmp.r1r2_fastp	1.1858199999999999	0.943145	2971136.0	0.388344	98.13912272928667	1.1393126147224508
Tzo-AMvi_024-Ex1-6F-lcwgs-1-1.clmp.r1r2_fastp	1.5878900000000002	0.942303	26362254.0	0.384699	98.18813396554829	1.0661124782426024
Tzo-AMvi_025-Ex1-1C-lcwgs-1-1.clmp.r1r2_fastp	1.32918	0.947885	47563555.0	0.377246	98.43466390079469	1.2053659950275317
Tzo-AMvi_026-Ex1-1G-lcwgs-1-1.clmp.r1r2_fastp	1.33766	0.947213	28737896.0	0.393949	98.33674927023166	1.2930873858766536
Tzo-AMvi_027-Ex1-2C-lcwgs-1-1.clmp.r1r2_fastp	1.4902900000000001	0.947115	38526465.0	0.388074	98.3275685873752	1.1197036396509708
Tzo-AMvi_028-Ex1-2G-lcwgs-1-1.clmp.r1r2_fastp	1.2983500000000001	0.948274	26465348.0	0.382506	98.41783701220584	1.2523485759857262
Tzo-AMvi_029-Ex1-3C-lcwgs-1-1.clmp.r1r2_fastp	1.1416600000000001	0.948572	2270401.0	0.379405	98.43066833229231	1.3975640224859465
Tzo-AMvi_030-Ex1-3G-lcwgs-1-1.clmp.r1r2_fastp	1.78765	0.9447	39295005.0	0.374393	98.27119062307219	1.1202961135101788
Tzo-AMvi_031-Ex1-4C-lcwgs-1-1.clmp.r1r2_fastp	1.33574	0.948261	4930547.0	0.375537	98.4667369109472	1.155397304072957
Tzo-AMvi_032-Ex1-4G-lcwgs-1-1.clmp.r1r2_fastp	1.43158	0.946941	23368757.0	0.403899	98.3135233148679	1.2877152274630626
Tzo-AMvi_033-Ex1-5C-lcwgs-1-1.clmp.r1r2_fastp	1.8991999999999998	0.940282	23095766.0	0.398276	98.04288207429569	0.949175481711009
Tzo-AMvi_034-Ex1-5G-lcwgs-1-1.clmp.r1r2_fastp	1.4929400000000002	0.945835	71185642.0	0.375572	98.32176450332565	1.2230769031609963
Tzo-AMvi_035-Ex1-6C-lcwgs-1-1.clmp.r1r2_fastp	1.4548999999999999	0.94377	10102296.0	0.391107	98.19323544341874	1.1412134087875312
Tzo-AMvi_036-Ex1-6G-lcwgs-1-1.clmp.r1r2_fastp	1.6487100000000001	0.940438	16304393.0	0.418424	98.02604899692278	1.102072946733141
Tzo-AMvi_037-Ex1-1D-lcwgs-1-1.clmp.r1r2_fastp	0.822553	0.946077	2466730.0	0.387785	98.12405860605232	1.4583048062440092
Tzo-AMvi_038-Ex1-1H-lcwgs-1-1.clmp.r1r2_fastp	1.44297	0.945734	15308644.0	0.384117	98.36017818345127	1.138529136878391
Tzo-AMvi_039-Ex1-2D-lcwgs-1-1.clmp.r1r2_fastp	1.11501	0.947098	4900170.0	0.389255	98.42567134947836	1.175096983164476
Tzo-AMvi_040-Ex1-2H-lcwgs-1-1.clmp.r1r2_fastp	1.17335	0.949567	6503613.0	0.382114	98.42231684681734	1.132765585762638
Tzo-AMvi_041-Ex1-3D-lcwgs-1-1.clmp.r1r2_fastp	0.189693	0.936777	556619.0	0.396074	97.94007490636703	1.373283395755306
Tzo-AMvi_042-Ex1-3H-lcwgs-1-1.clmp.r1r2_fastp	1.68993	0.943839	15991133.0	0.41285	98.25226789047545	1.0747958006872034
Tzo-AMvi_043-Ex1-4D-lcwgs-1-1.clmp.r1r2_fastp	1.39208	0.947458	10650846.0	0.377097	98.50004330129038	1.267861782281112
Tzo-AMvi_044-Ex1-4H-lcwgs-1-1.clmp.r1r2_fastp	1.51634	0.946339	4184518.0	0.37506	98.48329392871482	1.1642949547218628
Tzo-AMvi_045-Ex1-5D-lcwgs-1-1.clmp.r1r2_fastp	1.40192	0.946044	13167400.0	0.379731	98.43913031217394	1.0997997800400439
Tzo-AMvi_046-Ex1-5H-lcwgs-1-1.clmp.r1r2_fastp	1.6142900000000002	0.945141	9372703.0	0.399218	98.3281882692539	1.1085274425690574
Tzo-AMvi_047-Ex1-6D-lcwgs-1-1.clmp.r1r2_fastp	1.41595	0.944514	68209139.0	0.385236	98.2631790655771	1.1125131556471477
Tzo-AMvi_048-Ex1-6H-lcwgs-1-1.clmp.r1r2_fastp	1.4320899999999999	0.942086	15189083.0	0.410086	98.09297222667374	1.0897301561864376
Tzo-CMal_001-Ex1-3F-lcwgs-1-1.clmp.r1r2_fastp	2.5058000000000002	0.926195	71832488.0	0.410827	97.13557171294374	0.7159567238590098
Tzo-CMal_002-Ex1-3G-lcwgs-1-1.clmp.r1r2_fastp	3.2615600000000002	0.916463	36587591.0	0.411407	96.32162904648965	0.49749998435534637
Tzo-CMal_003-Ex1-3H-lcwgs-1-1.clmp.r1r2_fastp	3.40361	0.913995	40952664.0	0.407713	96.07946464491928	0.40854256265546995
Tzo-CMal_004-Ex1-4A-lcwgs-1-1.clmp.r1r2_fastp	3.63406	0.914641	112353257.0	0.406181	96.3404838454646	0.39129288989616823
Tzo-CMal_005-Ex1-4B-lcwgs-1-1.clmp.r1r2_fastp	2.5166399999999998	0.925095	51346219.0	0.40893	97.18358579280245	0.6397253195423701
Tzo-CMal_006-Ex1-4C-lcwgs-1-1.clmp.r1r2_fastp	2.7378799999999996	0.922544	108053383.0	0.409272	96.97317943964855	0.5841670164880153
Tzo-CMal_007-Ex1-4D-lcwgs-1-1.clmp.r1r2_fastp	2.53784	0.923895	97492989.0	0.409866	97.12830688432675	0.6018722892991886
Tzo-CMal_008-Ex1-4E-lcwgs-1-1.clmp.r1r2_fastp	2.75038	0.922594	62689104.0	0.410355	96.88460808842215	0.5436902933923196
Tzo-CMal_009-Ex1-4F-lcwgs-1-1.clmp.r1r2_fastp	2.57737	0.923613	51294608.0	0.411517	97.08179732412158	0.6401828602854615
Tzo-CMal_010-Ex1-4G-lcwgs-1-1.clmp.r1r2_fastp	2.97871	0.918322	63312244.0	0.407835	96.64466846431712	0.5222150348506762
Tzo-CMal_011-Ex1-4H-lcwgs-1-1.clmp.r1r2_fastp	3.0911999999999997	0.917641	48832537.0	0.408844	96.66257842351055	0.4660597197981037
Tzo-CMal_012-Ex1-5A-lcwgs-1-1.clmp.r1r2_fastp	3.47946	0.916261	254583272.0	0.409815	96.57705623525842	0.45104070400971047
Tzo-CMal_013-Ex1-5B-lcwgs-1-1.clmp.r1r2_fastp	2.7901100000000003	0.921296	123215513.0	0.408797	96.8952885872316	0.5876976743339244
Tzo-CMal_014-Ex1-5C-lcwgs-1-1.clmp.r1r2_fastp	2.89718	0.920682	128386652.0	0.408194	96.86373676968577	0.5535512509379619
Tzo-CMal_015-Ex1-5D-lcwgs-1-1.clmp.r1r2_fastp	2.64373	0.922655	65093482.0	0.41215	97.05022389127812	0.6355513450515597
Tzo-CMal_016-Ex1-5E-lcwgs-1-1.clmp.r1r2_fastp	2.44742	0.9242	39877843.0	0.413461	97.02678961181739	0.6925095792667482
Tzo-CMal_017-Ex1-5F-lcwgs-1-1.clmp.r1r2_fastp	2.47369	0.924752	101444446.0	0.410648	97.20462764575338	0.6640739809935978
Tzo-CMal_018-Ex1-5G-lcwgs-1-1.clmp.r1r2_fastp	2.2147	0.927683	72980680.0	0.412701	97.39754323003513	0.7668030256697266
Tzo-CMal_019-Ex1-5H-lcwgs-1-1.clmp.r1r2_fastp	3.0762	0.916685	35948929.0	0.409224	96.56326882593147	0.5294595074441373
Tzo-CMal_020-Ex1-6A-lcwgs-1-1.clmp.r1r2_fastp	3.06939	0.919339	191655435.0	0.410729	96.76391567514476	0.5437775494489514
Tzo-CMal_021-Ex1-6B-lcwgs-1-1.clmp.r1r2_fastp	2.33359	0.925335	112708555.0	0.411255	97.18469207690258	0.6678199222324762
Tzo-CMal_022-Ex1-6C-lcwgs-1-1.clmp.r1r2_fastp	2.96499	0.919358	151950925.0	0.409552	96.72125716763841	0.5271828169421289
Tzo-CMal_023-Ex1-6D-lcwgs-1-1.clmp.r1r2_fastp	2.16061	0.926631	100229389.0	0.412309	97.29279888378824	0.7015080916740593
Tzo-CMal_024-Ex1-6E-lcwgs-1-1.clmp.r1r2_fastp	0.15166400000000002	0.930433	1972787.0	0.40991	97.25812085225289	1.8686692280824309
Tzo-CMal_025-Ex1-6F-lcwgs-1-1.clmp.r1r2_fastp	2.1116099999999998	0.928148	48374061.0	0.413182	97.41063632928054	0.7588690375351309
Tzo-CMal_026-Ex1-6G-lcwgs-1-1.clmp.r1r2_fastp	2.31555	0.924703	64156247.0	0.414298	97.23989084427855	0.7115932640313102
Tzo-CMal_027-Ex1-6H-lcwgs-1-1.clmp.r1r2_fastp	2.3366700000000002	0.923311	28074890.0	0.413853	97.09965987979314	0.6623802202239513
Tzo-CMal_028-Ex1-7A-lcwgs-1-1.clmp.r1r2_fastp	2.93029	0.920556	103338644.0	0.415568	96.88568658558083	0.5788383571302662
Tzo-CMal_029-Ex1-7B-lcwgs-1-1.clmp.r1r2_fastp	2.0816999999999997	0.929097	84751769.0	0.413298	97.44437095245617	0.811976780919286
Tzo-CMal_030-Ex1-7C-lcwgs-1-1.clmp.r1r2_fastp	2.69656	0.922624	94198814.0	0.408168	96.9723146234722	0.5851106985534498
Tzo-CMal_031-Ex1-7D-lcwgs-1-1.clmp.r1r2_fastp	2.19529	0.927482	59922406.0	0.412433	97.36514611852552	0.7366719592613254
Tzo-CMal_032-Ex1-7E-lcwgs-1-1.clmp.r1r2_fastp	2.09703	0.928641	50365973.0	0.414287	97.42550842797667	0.7727195677070198
Tzo-CMal_033-Ex1-7F-lcwgs-1-1.clmp.r1r2_fastp	1.86472	0.932287	41002154.0	0.415483	97.7218331708182	0.8756118941386205
Tzo-CMal_034-Ex1-7G-lcwgs-1-1.clmp.r1r2_fastp	1.9793600000000002	0.929837	42728715.0	0.413996	97.51002633855802	0.8556446254523206
Tzo-CMal_035-Ex1-7H-lcwgs-1-1.clmp.r1r2_fastp	2.6311500000000003	0.921182	54499358.0	0.41399	96.94058072160097	0.6049859607550355
Tzo-CMal_036-Ex1-8A-lcwgs-1-1.clmp.r1r2_fastp	2.7893399999999997	0.92129	67529006.0	0.409933	96.84683634134396	0.5973819146206975
Tzo-CMal_037-Ex1-8B-lcwgs-1-1.clmp.r1r2_fastp	2.2231899999999998	0.928294	116972156.0	0.414037	97.36284030280986	0.7628297810197792
Tzo-CMal_038-Ex1-8C-lcwgs-1-1.clmp.r1r2_fastp	2.10867	0.929065	37478333.0	0.411964	97.39449028107957	0.8340092294783946
Tzo-CMal_039-Ex1-8D-lcwgs-1-1.clmp.r1r2_fastp	0.297082	0.93384	1607559.0	0.406206	97.8499112827471	1.7012837908360297
Tzo-CMal_040-Ex1-8E-lcwgs-1-1.clmp.r1r2_fastp	2.38694	0.925861	57911536.0	0.413332	97.15217504869513	0.7145682366023121
Tzo-CMal_041-Ex1-8F-lcwgs-1-1.clmp.r1r2_fastp	0.0815661	0.932442	1214996.0	0.407099	97.61490017419268	1.7017285274018492
Tzo-CMal_042-Ex1-8G-lcwgs-1-1.clmp.r1r2_fastp	2.12928	0.926616	52986081.0	0.414197	97.23345613971927	0.7668398756735351
Tzo-CMal_043-Ex1-8H-lcwgs-1-1.clmp.r1r2_fastp	3.01363	0.915824	8920397.0	0.408997	96.42530487804878	0.5055894308943089
Tzo-CMal_044-Ex1-9A-lcwgs-1-1.clmp.r1r2_fastp	3.56084	0.918164	130031870.0	0.408057	96.71301006391418	0.4922065814241201
Tzo-CMal_045-Ex1-9B-lcwgs-1-1.clmp.r1r2_fastp	3.2431099999999997	0.917313	14103933.0	0.404775	96.63008267659431	0.5302261116214605
Tzo-CMal_046-Ex1-9C-lcwgs-1-1.clmp.r1r2_fastp	3.4434199999999997	0.919648	139616550.0	0.408605	96.79622226729389	0.49756940128105315
Tzo-CMal_047-Ex1-9D-lcwgs-1-1.clmp.r1r2_fastp	2.53791	0.927494	40962176.0	0.411427	97.4328589855179	0.7251544164682935
Tzo-CMal_048-Ex1-9E-lcwgs-1-1.clmp.r1r2_fastp	0.0	0.923948	505638.0	0.402839	97.58787043418332	1.6195727084769125
Tzo-CMal_049-Ex1-9F-lcwgs-1-1.clmp.r1r2_fastp	2.47795	0.925313	10583036.0	0.415385	97.13623538895607	0.679161628375655
Tzo-CMal_050-Ex1-9G-lcwgs-1-1.clmp.r1r2_fastp	1.9540600000000001	0.927053	1787764.0	0.409062	97.18294176595033	0.9464424897004787
Tzo-CMal_051-Ex1-9H-lcwgs-1-1.clmp.r1r2_fastp	3.43505	0.917218	7370011.0	0.409489	96.7205571064822	0.5614013559530018
Tzo-CMal_052-Ex1-10A-lcwgs-1-1.clmp.r1r2_fastp	3.25329	0.909632	74652543.0	0.408752	95.91413785787424	0.4221770560760595
Tzo-CMal_053-Ex1-10B-lcwgs-1-1.clmp.r1r2_fastp	2.8514500000000003	0.913498	36003327.0	0.411254	96.15465891010342	0.5015662291169452
Tzo-CMal_054-Ex1-10C-lcwgs-1-1.clmp.r1r2_fastp	2.76882	0.914708	26769860.0	0.408956	96.32272682168491	0.5234346574934674
Tzo-CMal_055-Ex1-10D-lcwgs-1-1.clmp.r1r2_fastp	2.65882	0.915101	11528837.0	0.409438	96.38517210266649	0.5835940949492234
Tzo-CMal_056-Ex1-10E-lcwgs-1-1.clmp.r1r2_fastp	2.82987	0.913465	48004987.0	0.411634	96.2259248432882	0.48486704435257494
Tzo-CMal_057-Ex1-10F-lcwgs-1-1.clmp.r1r2_fastp	2.67865	0.913667	28096591.0	0.414345	96.26218254530569	0.5526427660478956
Tzo-CMal_058-Ex1-10G-lcwgs-1-1.clmp.r1r2_fastp	2.58907	0.913874	88719771.0	0.411272	96.31350288182644	0.5517172697962182
Tzo-CMal_059-Ex1-10H-lcwgs-1-1.clmp.r1r2_fastp	1.98145	0.915654	1579128.0	0.409802	96.5055965055965	0.43680043680043684
Tzo-CMal_060-Ex1-11A-lcwgs-1-1.clmp.r1r2_fastp	2.93251	0.920021	46533280.0	0.409242	96.77756344536385	0.5782116254549166
Tzo-CMal_061-Ex1-11B-lcwgs-1-1.clmp.r1r2_fastp	3.30765	0.917138	30048063.0	0.405718	96.41158431642519	0.582814406859217
Tzo-CMal_062-Ex1-11C-lcwgs-1-1.clmp.r1r2_fastp	2.43829	0.927374	36488011.0	0.409892	97.29291870417468	0.7230795804470704
Tzo-CMal_063-Ex1-11D-lcwgs-1-1.clmp.r1r2_fastp	2.5601700000000003	0.923897	29540103.0	0.407652	96.99427661751886	0.729257476405261
Tzo-CMal_064-Ex1-11E-lcwgs-1-1.clmp.r1r2_fastp	2.89297	0.917226	2879693.0	0.411509	96.47347196963707	0.6325610816794497
Tzo-CMta_001-Ex1-9A-lcwgs-1-1.clmp.r1r2_fastp	2.24776	0.931442	36902003.0	0.420971	97.61275117287775	0.9040010622289103
Tzo-CMta_002-Ex1-9B-lcwgs-1-1.clmp.r1r2_fastp	2.26839	0.931432	86906287.0	0.413697	97.63844943281484	0.8483447308392537
Tzo-CMta_003-Ex1-9C-lcwgs-1-1.clmp.r1r2_fastp	0.0	0.934092	192947.0	0.394784	97.95221843003414	1.4505119453924915
Tzo-CMta_004-Ex1-9D-lcwgs-1-1.clmp.r1r2_fastp	0.10395	0.930586	333869.0	0.40316	97.83839423571796	1.6469377251672672
Tzo-CMta_005-Ex1-9E-lcwgs-1-1.clmp.r1r2_fastp	1.8389099999999998	0.932632	1648493.0	0.416932	97.74301409123477	1.0628134702651064
Tzo-CMta_006-Ex1-9F-lcwgs-1-1.clmp.r1r2_fastp	2.58338	0.9257	1121630.0	0.419743	97.21490402709823	0.6398193451260821
Tzo-CMta_007-Ex1-9G-lcwgs-1-1.clmp.r1r2_fastp	0.0	0.934076	370234.0	0.391504	97.04289879216994	2.12411495210329
Tzo-CMta_008-Ex1-9H-lcwgs-1-1.clmp.r1r2_fastp	0.0803213	0.93546	209470.0	0.396567	97.53577106518283	1.8282988871224166
Tzo-CMta_009-Ex1-10A-lcwgs-1-1.clmp.r1r2_fastp	2.36028	0.920672	145656950.0	0.416612	96.74524340320374	0.6906427579980154
Tzo-CMta_010-Ex1-10B-lcwgs-1-1.clmp.r1r2_fastp	1.70076	0.92607	2566724.0	0.413808	97.20752955818296	0.8945239576851276
Tzo-CMta_011-Ex1-10C-lcwgs-1-1.clmp.r1r2_fastp	0.715564	0.910778	114616.0	0.403698	96.99646643109541	1.4134275618374559
Tzo-CMta_012-Ex1-10D-lcwgs-1-1.clmp.r1r2_fastp	2.53117	0.914562	144204970.0	0.415137	96.32988392055904	0.5376681072767883
Tzo-CMta_013-Ex1-10E-lcwgs-1-1.clmp.r1r2_fastp	0.0	0.905469	66073.0	0.398131	95.78313253012048	0.30120481927710846
Tzo-CMta_014-Ex1-10F-lcwgs-1-1.clmp.r1r2_fastp	2.07369	0.918033	2467209.0	0.418492	96.51784175142217	0.8662299603516634
Tzo-CMta_015-Ex1-10G-lcwgs-1-1.clmp.r1r2_fastp	0.0	0.909453	119383.0	0.401252	96.54605263157895	2.4671052631578947
Tzo-CMta_016-Ex1-10H-lcwgs-1-1.clmp.r1r2_fastp	2.56527	0.919574	23711049.0	0.402086	96.49062526118328	0.5683348346535665
Tzo-CMta_017-Ex1-11A-lcwgs-1-1.clmp.r1r2_fastp	2.38518	0.927672	111007355.0	0.41309	97.30107216086876	0.7235679465219272
Tzo-CMta_018-Ex1-11B-lcwgs-1-1.clmp.r1r2_fastp	0.0	0.916337	102003.0	0.399098	95.79158316633266	1.2024048096192386
Tzo-CMta_019-Ex1-11C-lcwgs-1-1.clmp.r1r2_fastp	1.36808	0.933169	314017.0	0.416768	97.25239616613418	0.7667731629392971
Tzo-CMta_020-Ex1-11D-lcwgs-1-1.clmp.r1r2_fastp	2.27264	0.925112	55107979.0	0.41427	97.16106582214142	0.6631087130764569
Tzo-CMta_021-Ex1-11E-lcwgs-1-1.clmp.r1r2_fastp	1.99009	0.930433	5952859.0	0.420467	97.71196444691341	0.9200749947920284
Tzo-CMta_022-Ex1-11F-lcwgs-1-1.clmp.r1r2_fastp	2.10542	0.928353	12966134.0	0.421126	97.34712740599004	0.7848351683990334
Tzo-CMta_023-Ex1-11G-lcwgs-1-1.clmp.r1r2_fastp	0.205339	0.918031	98434.0	0.397536	98.17444219066938	1.6227180527383367
Tzo-CMta_024-Ex1-11H-lcwgs-1-1.clmp.r1r2_fastp	2.32192	0.927711	75135798.0	0.410389	97.397413287999	0.6609652401555145
Tzo-CMta_025-Ex1-12A-lcwgs-1-1.clmp.r1r2_fastp	1.8788099999999999	0.931791	14648996.0	0.415452	97.69612989012528	0.8020155364266219
Tzo-CMta_026-Ex1-12B-lcwgs-1-1.clmp.r1r2_fastp	1.55725	0.937146	1105048.0	0.418924	98.04734750302401	0.8812856402280975
Tzo-CMta_027-Ex1-12C-lcwgs-1-1.clmp.r1r2_fastp	2.13193	0.92973	41734125.0	0.413076	97.56576223890589	0.7839850358006205
Tzo-CMta_028-Ex1-12D-lcwgs-1-1.clmp.r1r2_fastp	1.76471	0.926696	182561.0	0.415422	97.81357882623706	1.0356731875719216
Tzo-CMta_029-Ex1-12E-lcwgs-1-1.clmp.r1r2_fastp	2.12013	0.930932	6503439.0	0.416294	97.58111146803726	0.9508512688724703
Tzo-CMta_030-Ex1-12F-lcwgs-1-1.clmp.r1r2_fastp	1.75711	0.931975	2023595.0	0.422731	97.52664387693545	0.864669213754273
Tzo-CMta_031-Ex1-12G-lcwgs-1-1.clmp.r1r2_fastp	1.75484	0.931173	2418026.0	0.422506	97.51776013372336	0.9611366485582951
Tzo-CMta_032-Ex1-12H-lcwgs-1-1.clmp.r1r2_fastp	1.8150099999999998	0.935374	5781670.0	0.415347	97.75048978449482	0.8326336411978729
Tzo-CMta_033-Ex1-1A-lcwgs-1-1.clmp.r1r2_fastp	2.34921	0.928491	7285500.0	0.414334	97.18128654970761	0.7953216374269005
Tzo-CMta_034-Ex1-1B-lcwgs-1-1.clmp.r1r2_fastp	2.06649	0.931413	21256998.0	0.416556	97.61054063842909	0.767446185772879
Tzo-CMta_035-Ex1-1C-lcwgs-1-1.clmp.r1r2_fastp	2.09606	0.926782	1559920.0	0.411183	97.44560075685904	0.9731044735775105
Tzo-CMta_036-Ex1-1D-lcwgs-1-1.clmp.r1r2_fastp	2.89238	0.923294	12263895.0	0.413972	96.9577999744353	0.8737651333929843
Tzo-CMta_037-Ex1-1E-lcwgs-1-1.clmp.r1r2_fastp	0.028760400000000002	0.919923	652532.0	0.401261	97.35269000853971	1.6225448334756618
Tzo-CMta_038-Ex1-1F-lcwgs-1-1.clmp.r1r2_fastp	0.116144	0.92545	480517.0	0.402731	97.01263883569513	1.3404825737265416
Tzo-CMta_039-Ex1-1G-lcwgs-1-1.clmp.r1r2_fastp	2.81141	0.926162	100756642.0	0.4064	97.25030989906145	0.6432619089782184
Tzo-CMta_040-Ex1-1H-lcwgs-1-1.clmp.r1r2_fastp	2.3655	0.931719	16132270.0	0.407735	97.7046812422034	0.7747357363272274
Tzo-CMta_041-Ex1-2A-lcwgs-1-1.clmp.r1r2_fastp	2.1277399999999997	0.922854	6134624.0	0.413301	97.00132716381505	0.948742781304925
Tzo-CMta_042-Ex1-2B-lcwgs-1-1.clmp.r1r2_fastp	2.3121300000000002	0.926904	157668398.0	0.408332	97.28667455727015	0.6984300676656469
Tzo-CMta_043-Ex1-2C-lcwgs-1-1.clmp.r1r2_fastp	2.20816	0.927288	59217302.0	0.408093	97.22938671146227	0.708726967302675
Tzo-CMta_044-Ex1-2D-lcwgs-1-1.clmp.r1r2_fastp	2.56632	0.923005	258273106.0	0.410712	96.99842819955309	0.6033799911752353
Tzo-CMta_045-Ex1-2E-lcwgs-1-1.clmp.r1r2_fastp	2.27261	0.927211	101218885.0	0.412444	97.25180036506666	0.7753947628447999
Tzo-CMta_046-Ex1-2F-lcwgs-1-1.clmp.r1r2_fastp	0.7848499999999999	0.922719	2812322.0	0.406208	97.09634223694411	1.2051589259285362
Tzo-CMta_047-Ex1-2G-lcwgs-1-1.clmp.r1r2_fastp	0.124572	0.921822	2472410.0	0.399997	97.07638144803306	1.5000765345170672
Tzo-CMta_048-Ex1-2H-lcwgs-1-1.clmp.r1r2_fastp	2.11068	0.930151	36154953.0	0.412331	97.46030244629155	0.7342421698570533
Tzo-CMta_049-Ex1-3A-lcwgs-1-1.clmp.r1r2_fastp	0.157197	0.917336	884284.0	0.403467	96.71767575959193	1.7076957196717677
Tzo-CMta_050-Ex1-3B-lcwgs-1-1.clmp.r1r2_fastp	0.23786900000000002	0.913166	845933.0	0.402211	96.30761994355598	1.317027281279398
Tzo-CMta_051-Ex1-3C-lcwgs-1-1.clmp.r1r2_fastp	2.42629	0.926382	80243604.0	0.410084	97.08140987934759	0.6879708113881126
Tzo-CMta_052-Ex1-3D-lcwgs-1-1.clmp.r1r2_fastp	0.191076	0.915028	1760820.0	0.406348	96.8222442899702	1.5116407370627827
Tzo-CMta_053-Ex1-3E-lcwgs-1-1.clmp.r1r2_fastp	2.73428	0.925021	278238335.0	0.412314	96.98438487950506	0.6598208783205142
Tzo-CMta_054-Ex1-3F-lcwgs-1-1.clmp.r1r2_fastp	0.131077	0.923503	1568911.0	0.403937	96.68391345249294	1.3052681091251177
Tzo-CMta_055-Ex1-3G-lcwgs-1-1.clmp.r1r2_fastp	2.4303399999999997	0.928147	118290892.0	0.412786	97.24088106504307	0.7060947317722408
Tzo-CMta_056-Ex1-3H-lcwgs-1-1.clmp.r1r2_fastp	1.5922100000000001	0.935781	13305089.0	0.413898	97.7335479203272	1.0557089491635536
Tzo-CMta_057-Ex1-4A-lcwgs-1-1.clmp.r1r2_fastp	0.237756	0.917823	1245803.0	0.403115	96.96637998436279	1.2978889757623144
Tzo-CMta_058-Ex1-4B-lcwgs-1-1.clmp.r1r2_fastp	2.16476	0.927351	19558876.0	0.408345	97.37508991313008	0.8078348918275882
Tzo-CMta_059-Ex1-4C-lcwgs-1-1.clmp.r1r2_fastp	2.0851	0.929883	62921561.0	0.413483	97.44089526658041	0.7957925159208913
Tzo-CMta_060-Ex1-4D-lcwgs-1-1.clmp.r1r2_fastp	2.3426	0.925161	143930506.0	0.413153	97.1728838344536	0.727674853577621
Tzo-CMta_061-Ex1-4E-lcwgs-1-1.clmp.r1r2_fastp	1.7267000000000001	0.92613	12669272.0	0.412044	97.22181486369784	0.912483094621238
Tzo-CMta_062-Ex1-4F-lcwgs-1-1.clmp.r1r2_fastp	2.1773000000000002	0.930988	44975806.0	0.412701	97.49499422864008	0.8075192574968788
Tzo-CMta_063-Ex1-4G-lcwgs-1-1.clmp.r1r2_fastp	2.25873	0.928123	42024720.0	0.410633	97.34627026578761	0.7717585105941868
Tzo-CMta_064-Ex1-4H-lcwgs-1-1.clmp.r1r2_fastp	1.79887	0.927723	6728480.0	0.410555	97.25899683013239	0.9820374168686681
Tzo-CMvi_006-Ex1-7B-lcwgs-1-1.clmp.r1r2_fastp	3.67852	0.918327	663801285.0	0.402248	96.58193344083207	0.40747093147083097
Tzo-CMvi_007-Ex1-8E-lcwgs-1-1.clmp.r1r2_fastp	3.7213000000000003	0.915307	205177683.0	0.404014	96.27518737304163	0.41233743491559455
Tzo-CMvi_011-Ex1-5G-lcwgs-1-1.clmp.r1r2_fastp	3.78644	0.918019	443293479.0	0.400169	96.59501683208228	0.3832703265097125
Tzo-CMvi_012-Ex1-1G-lcwgs-1-1.clmp.r1r2_fastp	2.6395999999999997	0.926347	558330029.0	0.399393	97.18880168724189	0.6063629304788778
Tzo-CMvi_013-Ex1-2B-lcwgs-1-1.clmp.r1r2_fastp	3.54774	0.916026	255758754.0	0.399	96.39870667726849	0.3583770156351865
Tzo-CMvi_015-Ex1-2F-lcwgs-1-1.clmp.r1r2_fastp	3.96642	0.913125	266851490.0	0.403036	96.15097912896239	0.31479585705521307
Tzo-CMvi_016-Ex1-1D-lcwgs-1-1.clmp.r1r2_fastp	2.7469	0.922524	353712681.0	0.402083	96.90167174983902	0.556455010612392
Tzo-CMvi_018-Ex1-1F-lcwgs-2-1.clmp.r1r2_fastp	3.96795	0.9053	38655759.0	0.413671	95.58984514335617	0.2613743988388827
Tzo-CMvi_019-Ex1-1G-lcwgs-2-1.clmp.r1r2_fastp	0.0633981	0.923697	873198.0	0.40751	97.06188789331111	1.7295269847884975
Tzo-CMvi_020-Ex1-7D-lcwgs-1-1.clmp.r1r2_fastp	3.4249300000000003	0.915654	419901141.0	0.411123	96.43833613484735	0.40654794644167735
Tzo-CMvi_027-Ex1-1H-lcwgs-2-1.clmp.r1r2_fastp	0.110906	0.924465	505622.0	0.408019	97.8054133138259	1.024140453547915
Tzo-CMvi_028-Ex1-2A-lcwgs-2-1.clmp.r1r2_fastp	3.09824	0.912252	14395836.0	0.407265	96.29809011801554	0.46818746872023376
Tzo-CMvi_029-Ex1-3C-lcwgs-1-1.clmp.r1r2_fastp	3.8991100000000003	0.913343	302846463.0	0.402671	96.17129817999253	0.3316098504226221
Tzo-CMvi_030-Ex1-2H-lcwgs-1-1.clmp.r1r2_fastp	3.94788	0.913871	349618034.0	0.401742	96.26992768220111	0.3183057484420442
Tzo-CMvi_031-Ex1-2B-lcwgs-2-1.clmp.r1r2_fastp	3.13845	0.916766	255676970.0	0.404833	96.55252120107282	0.3824709099382544
Tzo-CMvi_032-Ex1-2C-lcwgs-2-1.clmp.r1r2_fastp	3.2685400000000002	0.913306	36696984.0	0.407775	96.35365790961905	0.3585933885147293
Tzo-CMvi_033-Ex1-2D-lcwgs-2-1.clmp.r1r2_fastp	1.9913899999999998	0.918429	2060303.0	0.404546	96.6659677081149	0.8387502621094569
Tzo-CMvi_034-Ex1-2E-lcwgs-2-1.clmp.r1r2_fastp	0.117841	0.923819	773995.0	0.402199	97.07112970711297	1.5341701534170153
Tzo-CMvi_035-Ex1-2F-lcwgs-2-1.clmp.r1r2_fastp	3.6422000000000003	0.905416	16482720.0	0.415493	95.76667240094042	0.3282871724296118
Tzo-CMvi_038-Ex1-6B-lcwgs-1-1.clmp.r1r2_fastp	3.83712	0.919394	155481343.0	0.395692	96.61140541550992	0.4319554325811191
Tzo-CMvi_040-Ex1-2G-lcwgs-2-1.clmp.r1r2_fastp	0.160875	0.924278	576192.0	0.401252	97.27416798732172	1.5530903328050714
Tzo-CMvi_041-Ex1-4D-lcwgs-1-1.clmp.r1r2_fastp	3.00245	0.918096	164439636.0	0.399925	96.60782806689173	0.4532220874748911
Tzo-CMvi_042-Ex1-2H-lcwgs-2-1.clmp.r1r2_fastp	3.4190699999999996	0.906548	11085291.0	0.4279	95.97063343008367	0.34147174321324913
Tzo-CMvi_044-Ex1-3A-lcwgs-2-1.clmp.r1r2_fastp	3.64837	0.910511	29035381.0	0.409645	96.12727568270482	0.363296488946684
Tzo-CMvi_045-Ex1-8B-lcwgs-1-1.clmp.r1r2_fastp	3.97519	0.91111	457875032.0	0.404672	95.94458924912351	0.2970167420953008
Tzo-CMvi_046-Ex1-6E-lcwgs-1-1.clmp.r1r2_fastp	4.14681	0.916982	324391801.0	0.396602	96.47749554120371	0.40677515481162274
Tzo-CMvi_047-Ex1-1F-lcwgs-1-1.clmp.r1r2_fastp	2.89682	0.925241	258642508.0	0.400229	97.02877994617276	0.5605338382893041
Tzo-CMvi_048-Ex1-2A-lcwgs-1-1.clmp.r1r2_fastp	3.34742	0.917743	271520474.0	0.401555	96.5126266055515	0.396989860974186
Tzo-CMvi_049-Ex1-5B-lcwgs-1-1.clmp.r1r2_fastp	3.7072399999999996	0.915546	225914083.0	0.400157	96.32075229859521	0.33592388146426494
Tzo-CMvi_050-Ex1-3B-lcwgs-2-1.clmp.r1r2_fastp	2.7838000000000003	0.914261	7241464.0	0.404836	96.331129527889	0.7759878325107862
Tzo-CMvi_051-Ex1-6H-lcwgs-1-1.clmp.r1r2_fastp	3.9017999999999997	0.918857	205233338.0	0.399504	96.67272669730674	0.39349173808008386
Tzo-CMvi_052-Ex1-7E-lcwgs-1-1.clmp.r1r2_fastp	3.16257	0.91906	195343822.0	0.402989	96.67384667116636	0.4817263199959064
Tzo-CMvi_053-Ex1-3C-lcwgs-2-1.clmp.r1r2_fastp	2.1287000000000003	0.9152	2771933.0	0.406658	96.25500510324252	0.9892439349925415
Tzo-CMvi_054-Ex1-3D-lcwgs-2-1.clmp.r1r2_fastp	3.08625	0.915206	36034726.0	0.4062	96.44144645158758	0.39059688700169454
Tzo-CMvi_057-Ex1-1H-lcwgs-1-1.clmp.r1r2_fastp	3.01343	0.920836	220549338.0	0.402481	96.8117957841393	0.4646072564558736
Tzo-CMvi_058-Ex1-3E-lcwgs-2-1.clmp.r1r2_fastp	3.4388	0.914673	56000082.0	0.407199	96.31772862442524	0.3743607314627987
Tzo-CMvi_061-Ex1-3F-lcwgs-2-1.clmp.r1r2_fastp	4.2251900000000004	0.904709	22653988.0	0.415217	95.5491699264837	0.2558912671861399
Tzo-CMvi_062-Ex1-3G-lcwgs-2-1.clmp.r1r2_fastp	3.6182	0.906865	9403465.0	0.408055	95.80764797273594	0.40094221420337794
Tzo-CMvi_063-Ex1-7A-lcwgs-1-1.clmp.r1r2_fastp	3.0349	0.919537	231918794.0	0.403026	96.6711450237298	0.4447861747258248
Tzo-CMvi_064-Ex1-3A-lcwgs-1-1.clmp.r1r2_fastp	3.74034	0.913217	249659551.0	0.399196	96.16261777770946	0.3135615364515286
Tzo-CMvi_065-Ex1-1E-lcwgs-1-1.clmp.r1r2_fastp	3.00034	0.920399	183716053.0	0.39842	96.80074360052299	0.503833065282315
Tzo-CMvi_066-Ex1-5F-lcwgs-1-1.clmp.r1r2_fastp	3.7928499999999996	0.917093	240476754.0	0.401435	96.39274877179463	0.3618389365186398
Tzo-CMvi_067-Ex1-6A-lcwgs-1-1.clmp.r1r2_fastp	4.17196	0.91786	586853982.0	0.401587	96.48095397079406	0.3860848284697883
Tzo-CMvi_068-Ex1-6F-lcwgs-1-1.clmp.r1r2_fastp	3.9234400000000003	0.919351	143395137.0	0.397007	96.61396052202068	0.423858662705101
Tzo-CMvi_069-Ex1-7G-lcwgs-1-1.clmp.r1r2_fastp	3.16325	0.918894	302530467.0	0.400857	96.69422992139445	0.41388415517845933
Tzo-CMvi_070-Ex1-3H-lcwgs-2-1.clmp.r1r2_fastp	0.0602047	0.922984	302473.0	0.395201	97.31823599523241	1.7878426698450536
Tzo-CMvi_071-Ex1-4A-lcwgs-2-1.clmp.r1r2_fastp	3.38244	0.914431	10171872.0	0.406972	96.48189075819764	0.550268368589599
Tzo-CMvi_075-Ex1-3D-lcwgs-1-1.clmp.r1r2_fastp	3.89566	0.91225	306158602.0	0.400027	96.09551148799508	0.3400911623434473
Tzo-CMvi_076-Ex1-5A-lcwgs-1-1.clmp.r1r2_fastp	3.7225300000000003	0.915461	291225980.0	0.401097	96.30468430012155	0.3460282355717026
Tzo-CMvi_077-Ex1-6D-lcwgs-1-1.clmp.r1r2_fastp	4.17037	0.917121	379956574.0	0.397081	96.46766536608226	0.3844449424924359
Tzo-CMvi_078-Ex1-4B-lcwgs-2-1.clmp.r1r2_fastp	3.73284	0.914376	67091786.0	0.405651	96.3370870817732	0.3726615751587262
Tzo-CMvi_079-Ex1-7C-lcwgs-1-1.clmp.r1r2_fastp	3.2659599999999998	0.916467	125714560.0	0.401803	96.50155818102465	0.3807398105680661
Tzo-CMvi_080-Ex1-4C-lcwgs-2-1.clmp.r1r2_fastp	3.5093300000000003	0.914097	35593500.0	0.403474	96.32595728817171	0.35748522128135485
Tzo-CMvi_081-Ex1-4D-lcwgs-2-1.clmp.r1r2_fastp	3.4706099999999998	0.915627	41279211.0	0.405855	96.42549427320873	0.3383229749445702
Tzo-CMvi_082-Ex1-6C-lcwgs-1-1.clmp.r1r2_fastp	4.10689	0.917962	337412588.0	0.397344	96.59955512462214	0.39874807505846116
Tzo-CMvi_083-Ex1-4E-lcwgs-2-1.clmp.r1r2_fastp	2.89439	0.921827	30456618.0	0.404213	96.87451129331338	0.5555431439571651
Tzo-CMvi_087-Ex1-2D-lcwgs-1-1.clmp.r1r2_fastp	3.74335	0.912594	233827459.0	0.401454	96.12973284544562	0.34049210784994877
Tzo-CMvi_088-Ex1-4F-lcwgs-2-1.clmp.r1r2_fastp	3.77175	0.910469	22979800.0	0.405202	95.88377973886567	0.2962274861949734
Tzo-CMvi_089-Ex1-5D-lcwgs-1-1.clmp.r1r2_fastp	4.14931	0.917457	816842657.0	0.398887	96.45770830354076	0.404186342051685
Tzo-CMvi_090-Ex1-3F-lcwgs-1-1.clmp.r1r2_fastp	3.08166	0.926065	197785940.0	0.397684	97.12173261024988	0.6028795461546956
Tzo-CMvi_091-Ex1-2C-lcwgs-1-1.clmp.r1r2_fastp	3.76736	0.914516	362755275.0	0.400449	96.33427810014528	0.33876924287307786
Tzo-CMvi_092-Ex1-4G-lcwgs-2-1.clmp.r1r2_fastp	3.8061200000000004	0.908048	15598476.0	0.419773	95.93039105806803	0.37560960833611
Tzo-CMvi_093-Ex1-4H-lcwgs-2-1.clmp.r1r2_fastp	2.99134	0.917912	8056636.0	0.400968	96.61415266776918	0.45840949313836427
Tzo-CMvi_094-Ex1-8C-lcwgs-1-1.clmp.r1r2_fastp	3.80307	0.915338	639935848.0	0.402794	96.3093394019126	0.37678858797845977
