Sample	1	2	3	4	5	6	7	8	9	10	11	12	13	14	15	16	17	18	19	20	21	22	23	24	25	26	27	28	29	30	31
Tzo-ABol_002-Ex1-2A-lcwgs-1-1	90.23352560513534	8.860561711436048	0.8268121508834522	0.07291571724326507	0.005859298707048085	0.00032551659483600476	0.0	0.0	0.0	0.0	0.0	0.0	0.0	0.0	0.0	0.0	0.0	0.0	0.0	0.0	0.0	0.0	0.0	0.0	0.0	0.0	0.0	0.0	0.0	0.0	0.0
Tzo-ABol_003-Ex1-3A-lcwgs-1-1	89.62102909533473	9.364704794397262	0.9245971916949737	0.08240292885440113	0.00644030906878085	0.0006605445198749589	0.00016513612996873974	0.0	0.0	0.0	0.0	0.0	0.0	0.0	0.0	0.0	0.0	0.0	0.0	0.0	0.0	0.0	0.0	0.0	0.0	0.0	0.0	0.0	0.0	0.0	0.0
Tzo-ABol_008-Ex1-8A-lcwgs-1-1	89.78326522872979	9.229378319927672	0.9046416470413656	0.07524024391249269	0.006430320334376657	0.0008244000428688022	0.00016488000857376044	0.0	5.496000285792015e-05	0.0	0.0	0.0	0.0	0.0	0.0	0.0	0.0	0.0	0.0	0.0	0.0	0.0	0.0	0.0	0.0	0.0	0.0	0.0	0.0	0.0	0.0
Tzo-ABol_009-Ex1-9A-lcwgs-1-1	90.0321480748358	9.037305703153512	0.8440345952023545	0.07794904258497921	0.007440590428566198	0.0009448368798179299	0.0	5.905230498862062e-05	0.0	5.905230498862062e-05	0.0	0.0	5.905230498862062e-05	0.0	0.0	0.0	0.0	0.0	0.0	0.0	0.0	0.0	0.0	0.0	0.0	0.0	0.0	0.0	0.0	0.0	0.0
Tzo-ABol_010-Ex1-10A-lcwgs-1-1	89.9496661677342	9.072116581109867	0.8833129116341765	0.08561633640670975	0.008295695089940814	0.0007938464200900301	0.00015876928401800604	0.0	0.0	3.969232100450151e-05	0.0	0.0	0.0	0.0	0.0	0.0	0.0	0.0	0.0	0.0	0.0	0.0	0.0	0.0	0.0	0.0	0.0	0.0	0.0	0.0	0.0
Tzo-ABol_011-Ex1-11A-lcwgs-1-1	99.28520761717684	0.6547716483876248	0.05456430403230207	0.005456430403230207	0.0	0.0	0.0	0.0	0.0	0.0	0.0	0.0	0.0	0.0	0.0	0.0	0.0	0.0	0.0	0.0	0.0	0.0	0.0	0.0	0.0	0.0	0.0	0.0	0.0	0.0	0.0
Tzo-ABol_012-Ex1-12A-lcwgs-1-1	91.15677857697808	8.06086707403482	0.7159791985230055	0.06260249537555013	0.0033010732024772197	0.00035368641455113065	0.00011789547151704356	0.0	0.0	0.0	0.0	0.0	0.0	0.0	0.0	0.0	0.0	0.0	0.0	0.0	0.0	0.0	0.0	0.0	0.0	0.0	0.0	0.0	0.0	0.0	0.0
Tzo-ABol_020-Ex1-8B-lcwgs-1-1	89.73680308449312	9.249617553310282	0.9179449196616035	0.08710931508616027	0.007250001548367165	0.0011293972261275484	3.643216858475962e-05	0.0	3.643216858475962e-05	0.0	0.0	0.0	0.0	3.643216858475962e-05	3.643216858475962e-05	0.0	0.0	0.0	0.0	0.0	0.0	0.0	0.0	0.0	0.0	0.0	0.0	0.0	0.0	0.0	0.0
Tzo-ABol_023-Ex1-11B-lcwgs-1-1	90.2660173747116	8.818042569975555	0.8398199234201492	0.06922434751555216	0.006062960177011786	0.0006329463921056261	9.99389040166778e-05	3.331296800555927e-05	0.0	0.0	0.0	0.0	0.0	3.331296800555927e-05	0.0	0.0	0.0	0.0	0.0	0.0	0.0	0.0	0.0	0.0	0.0	0.0	0.0	0.0	0.0	3.331296800555927e-05	0.0
Tzo-ABol_024-Ex1-12B-lcwgs-1-1	99.15532092247847	0.7779938871908864	0.0666851903306474	0.0	0.0	0.0	0.0	0.0	0.0	0.0	0.0	0.0	0.0	0.0	0.0	0.0	0.0	0.0	0.0	0.0	0.0	0.0	0.0	0.0	0.0	0.0	0.0	0.0	0.0	0.0	0.0
Tzo-ABol_026-Ex1-2C-lcwgs-1-1	90.43778320427272	8.681949359484976	0.8071403387351624	0.06679376852661957	0.0053539482103448725	0.0006529205134566917	0.00019587615403700756	0.00013058410269133837	0.0	0.0	0.0	0.0	0.0	0.0	0.0	0.0	0.0	0.0	0.0	0.0	0.0	0.0	0.0	0.0	0.0	0.0	0.0	0.0	0.0	0.0	0.0
Tzo-ABol_030-Ex1-6C-lcwgs-1-1	90.95174146021733	8.287982625449008	0.7010001650805238	0.054887532798435286	0.0038658097338999473	0.0003134440324783741	3.482711471981934e-05	6.965422943963868e-05	3.482711471981934e-05	0.0	0.0	3.482711471981934e-05	0.0	0.0	0.0	0.0	0.0	0.0	0.0	0.0	0.0	0.0	0.0	0.0	3.482711471981934e-05	0.0	0.0	0.0	0.0	0.0	0.0
Tzo-ABol_034-Ex1-10C-lcwgs-1-1	91.06088014869039	8.163857325594302	0.7134855109494617	0.056883083630545075	0.004432908637043725	0.00024824288367444864	3.54632690963498e-05	7.09265381926996e-05	3.54632690963498e-05	0.0	0.0	0.0	0.0	3.54632690963498e-05	3.54632690963498e-05	0.0	0.0	0.0	0.0	0.0	0.0	0.0	0.0	0.0	0.0	0.0	0.0	0.0	0.0	0.0	0.0
Tzo-ABol_035-Ex1-11C-lcwgs-1-1	92.49179861449393	6.875369116233355	0.5862751268466588	0.041384126600940624	0.005173015825117578	0.0	0.0	0.0	0.0	0.0	0.0	0.0	0.0	0.0	0.0	0.0	0.0	0.0	0.0	0.0	0.0	0.0	0.0	0.0	0.0	0.0	0.0	0.0	0.0	0.0	0.0
Tzo-ABol_036-Ex1-12C-lcwgs-1-1	90.05715773073683	9.00176796980412	0.8594159611767248	0.07501136818250716	0.005808333685353557	0.0005280303350321414	9.318182382920145e-05	6.21212158861343e-05	3.106060794306715e-05	0.0	0.0	3.106060794306715e-05	3.106060794306715e-05	3.106060794306715e-05	0.0	0.0	0.0	0.0	0.0	0.0	0.0	0.0	0.0	0.0	0.0	0.0	0.0	0.0	0.0	0.0	3.106060794306715e-05
Tzo-ABol_038-Ex1-2D-lcwgs-1-1	90.02031299809474	9.009365372374958	0.8808830117461659	0.08086013579419268	0.007678270916933817	0.0006354431103669367	0.00015886077759173417	5.2953592530578056e-05	0.0	0.0	0.0	0.0	0.0	0.0	0.0	5.2953592530578056e-05	0.0	0.0	0.0	0.0	0.0	0.0	0.0	0.0	0.0	0.0	0.0	0.0	0.0	0.0	0.0
Tzo-ABol_043-Ex1-7D-lcwgs-1-1	91.45312507555012	7.823742698164287	0.6679571299709297	0.0505547863993119	0.004244238178050627	0.00032234720339625016	0.0	0.0	0.0	0.0	0.0	0.0	0.0	0.0	5.3724533899375024e-05	0.0	0.0	0.0	0.0	0.0	0.0	0.0	0.0	0.0	0.0	0.0	0.0	0.0	0.0	0.0	0.0
Tzo-ABol_044-Ex1-8D-lcwgs-1-1	90.02218708245995	9.01671123345819	0.8706022032981178	0.08125340379964732	0.007880179247810624	0.0009105984908581165	0.00017511509439579163	0.0001400920755166333	0.0	3.502301887915833e-05	0.0	0.0	0.0	0.0	0.0	0.0	3.502301887915833e-05	0.0	0.0	0.0	0.0	3.502301887915833e-05	0.0	0.0	0.0	0.0	0.0	0.0	0.0	0.0	3.502301887915833e-05
Tzo-ABol_045-Ex1-9D-lcwgs-1-1	91.4158910146334	7.850350945050924	0.6747948967548396	0.05394183032336263	0.004772733374233007	0.00019886389059304194	4.9715972648260484e-05	0.0	0.0	0.0	0.0	0.0	0.0	0.0	0.0	0.0	0.0	0.0	0.0	0.0	0.0	0.0	0.0	0.0	0.0	0.0	0.0	0.0	0.0	0.0	0.0
Tzo-ABol_046-Ex1-10D-lcwgs-1-1	92.17976717094388	7.19596755147369	0.5784902466013698	0.040600462261472285	0.0047765249719379154	0.00013268124922049767	0.00013268124922049767	0.0	0.0	0.0	0.0	0.0	0.0	0.00013268124922049767	0.0	0.0	0.0	0.0	0.0	0.0	0.0	0.0	0.0	0.0	0.0	0.0	0.0	0.0	0.0	0.0	0.0
Tzo-ABol_047-Ex1-11D-lcwgs-1-1	90.3556624126881	8.743203815984057	0.8268280979567941	0.06793453528190647	0.0055337885117094235	0.0006189105572306593	0.00014562601346603747	0.0	0.0	0.0	3.640650336650937e-05	0.0	0.0	0.0	0.0	0.0	0.0	0.0	0.0	0.0	0.0	0.0	0.0	3.640650336650937e-05	0.0	0.0	0.0	0.0	0.0	0.0	0.0
Tzo-ABol_048-Ex1-12D-lcwgs-1-1	91.31426858880704	7.913901007273301	0.7089396782583129	0.05948509069773514	0.003178592632703404	0.00022704233090738602	0.0	0.0	0.0	0.0	0.0	0.0	0.0	0.0	0.0	0.0	0.0	0.0	0.0	0.0	0.0	0.0	0.0	0.0	0.0	0.0	0.0	0.0	0.0	0.0	0.0
Tzo-ABol_050-Ex1-2E-lcwgs-1-1	90.86918230838224	8.303414162371272	0.7577722306869388	0.06335029878648384	0.005673161085356761	0.0006078386877167958	0.0	0.0	0.0	0.0	0.0	0.0	0.0	0.0	0.0	0.0	0.0	0.0	0.0	0.0	0.0	0.0	0.0	0.0	0.0	0.0	0.0	0.0	0.0	0.0	0.0
Tzo-ABol_051-Ex1-3E-lcwgs-1-1	89.62808092692678	9.28408082535195	0.9886617092505048	0.08817259821369369	0.009452102528507964	0.0012696854142771892	0.0001410761571419099	0.0001410761571419099	0.0	0.0	0.0	0.0	0.0	0.0	0.0	0.0	0.0	0.0	0.0	0.0	0.0	0.0	0.0	0.0	0.0	0.0	0.0	0.0	0.0	0.0	0.0
Tzo-ABol_052-Ex1-4E-lcwgs-1-1	91.27828586591751	7.96820545492659	0.6934078440139504	0.054907717669202216	0.004623141164765585	0.0005066456070975983	6.333070088719979e-05	0.0	0.0	0.0	0.0	0.0	0.0	0.0	0.0	0.0	0.0	0.0	0.0	0.0	0.0	0.0	0.0	0.0	0.0	0.0	0.0	0.0	0.0	0.0	0.0
Tzo-ABol_053-Ex1-5E-lcwgs-1-1	89.35068862920635	9.55990488108245	0.9868272649026568	0.09174161629068987	0.009501810258678592	0.0009577421480896195	0.0002268336666528046	5.0407481478401027e-05	0.0	0.0	2.5203740739200513e-05	0.0	0.0	0.0	2.5203740739200513e-05	2.5203740739200513e-05	0.0	0.0	2.5203740739200513e-05	0.0	0.0	0.0	0.0	0.0	0.0	0.0	0.0	0.0	0.0	0.0	0.0
Tzo-ABol_054-Ex1-6E-lcwgs-1-1	90.14263095377775	8.930234888224739	0.8458190897932979	0.07385327692605839	0.006301654118289167	0.0008701028698892992	0.00015820052179805441	5.2733507266018136e-05	2.6366753633009068e-05	2.6366753633009068e-05	0.0	0.0	2.6366753633009068e-05	0.0	0.0	0.0	0.0	0.0	0.0	0.0	0.0	0.0	0.0	0.0	0.0	0.0	0.0	0.0	0.0	0.0	0.0
Tzo-ABol_055-Ex1-7E-lcwgs-1-1	90.97231091803198	8.212291245381637	0.7485894235809425	0.0623005789099248	0.004334455861080112	0.00017337823444320448	0.0	0.0	0.0	0.0	0.0	0.0	0.0	0.0	0.0	0.0	0.0	0.0	0.0	0.0	0.0	0.0	0.0	0.0	0.0	0.0	0.0	0.0	0.0	0.0	0.0
Tzo-ABol_056-Ex1-8E-lcwgs-1-1	90.93551348151708	8.226770869971777	0.7663403879314042	0.06597064349258366	0.004546741359046728	0.0007720881553098218	8.578757281220243e-05	0.0	0.0	0.0	0.0	0.0	0.0	0.0	0.0	0.0	0.0	0.0	0.0	0.0	0.0	0.0	0.0	0.0	0.0	0.0	0.0	0.0	0.0	0.0	0.0
Tzo-ABol_057-Ex1-9E-lcwgs-1-1	89.93559874021513	9.084777316600036	0.8931758420432901	0.07856990054680772	0.006878275134641478	0.0008181208309925987	9.090231455473319e-05	0.0	3.03007715182444e-05	0.0	0.0	3.03007715182444e-05	0.0	0.0	0.0	0.0	0.0	0.0	0.0	0.0	0.0	0.0	0.0	0.0	0.0	0.0	0.0	0.0	0.0	0.0	3.03007715182444e-05
Tzo-ABol_058-Ex1-10E-lcwgs-1-1	91.7315393346519	7.5630092087038525	0.6498167448891817	0.05157801402292779	0.0036427489839627974	0.00041394874817759066	0.0	0.0	0.0	0.0	0.0	0.0	0.0	0.0	0.0	0.0	0.0	0.0	0.0	0.0	0.0	0.0	0.0	0.0	0.0	0.0	0.0	0.0	0.0	0.0	0.0
Tzo-ABol_059-Ex1-11E-lcwgs-1-1	91.27733755942947	7.9498719980494945	0.7119346580519322	0.056369620870413265	0.0040960624161891996	0.00019505059124710474	9.752529562355237e-05	0.0	0.0	0.0	0.0	0.0	0.0	9.752529562355237e-05	0.0	0.0	0.0	0.0	0.0	0.0	0.0	0.0	0.0	0.0	0.0	0.0	0.0	0.0	0.0	0.0	0.0
Tzo-ABol_060-Ex1-12E-lcwgs-1-1	90.42412953833008	8.655698985641523	0.8425944150276752	0.07220043301057563	0.005088594347819825	0.00019202242821961607	0.0	0.0	0.0	9.601121410980803e-05	0.0	0.0	0.0	0.0	0.0	0.0	0.0	0.0	0.0	0.0	0.0	0.0	0.0	0.0	0.0	0.0	0.0	0.0	0.0	0.0	0.0
Tzo-ABol_061-Ex1-1F-lcwgs-1-1	90.72918227213111	8.415232342579735	0.7846312637462123	0.06507191457564931	0.004687383677059485	0.0009190948386391146	9.190948386391147e-05	9.190948386391147e-05	0.0	0.0	0.0	0.0	0.0	0.0	0.0	0.0	0.0	0.0	9.190948386391147e-05	0.0	0.0	0.0	0.0	0.0	0.0	0.0	0.0	0.0	0.0	0.0	0.0
Tzo-ABol_062-Ex1-2F-lcwgs-1-1	89.27757108461071	9.630157101438117	0.9884469042788356	0.09369565019210141	0.008947512540867342	0.0009453975514878701	0.00013505679306969573	3.376419826742393e-05	3.376419826742393e-05	0.0	0.0	3.376419826742393e-05	0.0	0.0	0.0	0.0	0.0	0.0	0.0	0.0	0.0	0.0	0.0	0.0	0.0	0.0	0.0	0.0	0.0	0.0	0.0
Tzo-ABol_063-Ex1-3F-lcwgs-1-1	98.02104746417942	1.8040683582364312	0.16261160371858988	0.012272573865553953	0.0	0.0	0.0	0.0	0.0	0.0	0.0	0.0	0.0	0.0	0.0	0.0	0.0	0.0	0.0	0.0	0.0	0.0	0.0	0.0	0.0	0.0	0.0	0.0	0.0	0.0	0.0
Tzo-ABol_065-Ex1-5F-lcwgs-1-1	90.36753257324759	8.752936340654195	0.8028066480657533	0.0708358807116841	0.0051957858712726734	0.00046184763300201537	0.00011546190825050384	5.773095412525192e-05	0.0	0.0	0.0	5.773095412525192e-05	0.0	0.0	0.0	0.0	0.0	0.0	0.0	0.0	0.0	0.0	0.0	0.0	0.0	0.0	0.0	0.0	0.0	0.0	0.0
Tzo-ABol_066-Ex1-6F-lcwgs-1-1	91.4621777862457	7.835829565362864	0.651165708603055	0.047341663917171255	0.0029043965593356603	0.0004647034494937056	5.80879311867132e-05	5.80879311867132e-05	0.0	0.0	0.0	0.0	0.0	0.0	0.0	0.0	0.0	0.0	0.0	0.0	0.0	0.0	0.0	0.0	0.0	0.0	0.0	0.0	0.0	0.0	0.0
Tzo-ABol_067-Ex1-7F-lcwgs-1-1	90.81587271478227	8.35584800418337	0.7595176819202494	0.0631222508177055	0.005254847276194773	0.0003845010202093736	0.0	0.0	0.0	0.0	0.0	0.0	0.0	0.0	0.0	0.0	0.0	0.0	0.0	0.0	0.0	0.0	0.0	0.0	0.0	0.0	0.0	0.0	0.0	0.0	0.0
Tzo-ABol_068-Ex1-8F-lcwgs-1-1	89.51835054370572	9.438516356829233	0.948155814112759	0.08546528882226263	0.008322996963770708	0.0009036396703522482	9.511996530023666e-05	0.0	4.755998265011833e-05	4.755998265011833e-05	0.0	0.0	0.0	0.0	0.0	4.755998265011833e-05	0.0	0.0	0.0	0.0	4.755998265011833e-05	0.0	0.0	0.0	0.0	0.0	0.0	0.0	0.0	0.0	0.0
Tzo-ABol_069-Ex1-9F-lcwgs-1-1	90.8769003230325	8.285840544899234	0.7666518277181774	0.06445158670756346	0.005666521538489134	0.0004076634200351895	4.076634200351895e-05	4.076634200351895e-05	0.0	0.0	0.0	0.0	0.0	0.0	0.0	0.0	0.0	0.0	0.0	0.0	0.0	0.0	0.0	0.0	0.0	0.0	0.0	0.0	0.0	0.0	0.0
Tzo-ABol_070-Ex1-10F-lcwgs-1-1	91.2389584468685	7.990766190568974	0.7078660464637853	0.057068423754311044	0.004549649034139182	0.0007912433102850752	0.0	0.0	0.0	0.0	0.0	0.0	0.0	0.0	0.0	0.0	0.0	0.0	0.0	0.0	0.0	0.0	0.0	0.0	0.0	0.0	0.0	0.0	0.0	0.0	0.0
Tzo-ABol_071-Ex1-11F-lcwgs-1-1	90.92700376346089	8.258151060103588	0.7444945411186049	0.06379252524499758	0.006260014159555838	0.00014904795617990088	0.0	0.0	0.0	0.0	0.0	0.00014904795617990088	0.0	0.0	0.0	0.0	0.0	0.0	0.0	0.0	0.0	0.0	0.0	0.0	0.0	0.0	0.0	0.0	0.0	0.0	0.0
Tzo-ABol_072-Ex1-12F-lcwgs-1-1	89.96516076577929	9.032137958808399	0.912658761668484	0.08350778278858247	0.00592684900592305	0.0003799262183284006	0.00015197048733136027	0.0	0.0	0.0	7.598524366568013e-05	0.0	0.0	0.0	0.0	0.0	0.0	0.0	0.0	0.0	0.0	0.0	0.0	0.0	0.0	0.0	0.0	0.0	0.0	0.0	0.0
Tzo-ABol_073-Ex1-1G-lcwgs-1-1	92.08161201229237	7.276928463064534	0.591512039522309	0.04675769245730735	0.0031119928424164626	7.779982106041156e-05	0.0	0.0	0.0	0.0	0.0	0.0	0.0	0.0	0.0	0.0	0.0	0.0	0.0	0.0	0.0	0.0	0.0	0.0	0.0	0.0	0.0	0.0	0.0	0.0	0.0
Tzo-ABol_075-Ex1-3G-lcwgs-1-1	89.27647547314514	9.637548227811275	0.9813403203554479	0.09417238081931786	0.009435383049334353	0.0007257986961026425	0.00024193289870088084	3.0241612337610106e-05	3.0241612337610106e-05	0.0	0.0	0.0	0.0	0.0	0.0	0.0	0.0	0.0	0.0	0.0	0.0	0.0	0.0	0.0	0.0	0.0	0.0	0.0	0.0	0.0	0.0
Tzo-ABol_076-Ex1-4G-lcwgs-1-1	90.01908661492726	9.054036782374363	0.8453636670086528	0.07321104977154368	0.0072979369234291965	0.0007336550346304483	0.000154453691501147	3.861342287528675e-05	0.0	0.0	0.0	3.861342287528675e-05	0.0	0.0	0.0	0.0	3.861342287528675e-05	0.0	0.0	0.0	0.0	0.0	0.0	0.0	0.0	0.0	0.0	0.0	0.0	0.0	0.0
Tzo-ABol_077-Ex1-5G-lcwgs-1-1	90.78247068524452	8.403118061198025	0.7515123734160036	0.058504574816494674	0.003532676829861976	0.0006893027960706294	8.616284950882867e-05	0.0	0.0	0.0	0.0	0.0	8.616284950882867e-05	0.0	0.0	0.0	0.0	0.0	0.0	0.0	0.0	0.0	0.0	0.0	0.0	0.0	0.0	0.0	0.0	0.0	0.0
Tzo-ABol_078-Ex1-6G-lcwgs-1-1	91.51611180540071	7.783084351022833	0.6495877499366634	0.04744931095216368	0.003341500771279133	0.00030377279738901203	6.075455947780241e-05	0.0	6.075455947780241e-05	0.0	0.0	0.0	0.0	0.0	0.0	0.0	0.0	0.0	0.0	0.0	0.0	0.0	0.0	0.0	0.0	0.0	0.0	0.0	0.0	0.0	0.0
Tzo-ABol_079-Ex1-7G-lcwgs-1-1	91.16259955620093	8.05823762737222	0.7143373501549525	0.05830363148333239	0.00597180052929011	0.00047145793652290344	0.0	0.0	0.0	0.0	0.0	0.0	0.0	0.0	0.0	0.0	0.0	7.857632275381724e-05	0.0	0.0	0.0	0.0	0.0	0.0	0.0	0.0	0.0	0.0	0.0	0.0	0.0
Tzo-ABol_080-Ex1-8G-lcwgs-1-1	89.51304339856941	9.4322352714759	0.9569760302062474	0.08832303088900395	0.008190786911237072	0.000916451682376176	0.000171834690445533	0.0	2.86391150742555e-05	5.7278230148511e-05	5.7278230148511e-05	0.0	0.0	0.0	0.0	0.0	0.0	0.0	0.0	0.0	0.0	0.0	0.0	0.0	0.0	0.0	0.0	0.0	0.0	0.0	0.0
Tzo-ABol_081-Ex1-9G-lcwgs-1-1	91.01132970351246	8.194266135247027	0.7307159825882641	0.059159986885014955	0.003857348542467311	0.00046120471703413497	0.00020963850774278862	0.0	0.0	0.0	0.0	0.0	0.0	0.0	0.0	0.0	0.0	0.0	0.0	0.0	0.0	0.0	0.0	0.0	0.0	0.0	0.0	0.0	0.0	0.0	0.0
Tzo-ABol_082-Ex1-10G-lcwgs-1-1	91.13233932566932	8.086663837666846	0.7179229997685364	0.058733893989661286	0.0033755111488311088	0.0004822158784044441	0.00028932952704266646	9.644317568088881e-05	0.0	9.644317568088881e-05	0.0	0.0	0.0	0.0	0.0	0.0	0.0	0.0	0.0	0.0	0.0	0.0	0.0	0.0	0.0	0.0	0.0	0.0	0.0	0.0	0.0
Tzo-ABol_083-Ex1-11G-lcwgs-1-1	90.70100901515194	8.470229934088987	0.7614716238447629	0.061906272761158426	0.004649087677715455	0.0004893776502858374	8.156294171430623e-05	0.0	0.0	0.0	0.0	8.156294171430623e-05	0.0	0.0	0.0	8.156294171430623e-05	0.0	0.0	0.0	0.0	0.0	0.0	0.0	0.0	0.0	0.0	0.0	0.0	0.0	0.0	0.0
Tzo-ABol_084-Ex1-12G-lcwgs-1-1	90.5965105396949	8.546918400082236	0.783276117948641	0.06719149200448014	0.005300364707923135	0.0005889294119914595	0.00010707807490753808	5.353903745376904e-05	5.353903745376904e-05	0.0	0.0	0.0	0.0	0.0	0.0	0.0	0.0	0.0	0.0	0.0	0.0	0.0	0.0	0.0	0.0	0.0	0.0	0.0	0.0	0.0	0.0
Tzo-ABol_085-Ex1-1H-lcwgs-1-1	90.99834918216794	8.22626262084429	0.7136333950657847	0.05679296115951514	0.004626581251483523	0.0002682076087816535	0.0	0.0	0.0	0.0	0.0	0.0	0.0	6.705190219541338e-05	0.0	0.0	0.0	0.0	0.0	0.0	0.0	0.0	0.0	0.0	0.0	0.0	0.0	0.0	0.0	0.0	0.0
Tzo-ABol_086-Ex1-2H-lcwgs-1-1	91.11274699728787	8.10577295621852	0.7182293684618365	0.05617977528089888	0.0065865943432778	0.0004843084075939558	0.0	0.0	0.0	0.0	0.0	0.0	0.0	0.0	0.0	0.0	0.0	0.0	0.0	0.0	0.0	0.0	0.0	0.0	0.0	0.0	0.0	0.0	0.0	0.0	0.0
Tzo-ABol_087-Ex1-3H-lcwgs-1-1	90.29176165793344	8.787464356680088	0.8382894221871539	0.07576266810234619	0.005842394803912268	0.000691035944548763	0.000125642899008866	0.0	0.0	0.0	0.0	0.0	0.0	6.2821449504433e-05	0.0	0.0	0.0	0.0	0.0	0.0	0.0	0.0	0.0	0.0	0.0	0.0	0.0	0.0	0.0	0.0	0.0
Tzo-ABol_088-Ex1-4H-lcwgs-1-1	91.1565279425049	8.085138337651209	0.6983693671607376	0.05466363642387177	0.004748558315609063	0.0003312947662052835	0.00022086317747018898	0.0	0.0	0.0	0.0	0.0	0.0	0.0	0.0	0.0	0.0	0.0	0.0	0.0	0.0	0.0	0.0	0.0	0.0	0.0	0.0	0.0	0.0	0.0	0.0
Tzo-ABol_090-Ex1-6H-lcwgs-1-1	91.11788132812268	8.123266012350467	0.6958324632320039	0.057426687747978884	0.005220607977088989	0.0003729005697920707	0.0	0.0	0.0	0.0	0.0	0.0	0.0	0.0	0.0	0.0	0.0	0.0	0.0	0.0	0.0	0.0	0.0	0.0	0.0	0.0	0.0	0.0	0.0	0.0	0.0
Tzo-ABol_091-Ex1-7H-lcwgs-1-1	90.84546375510865	8.331278961823358	0.7551741272452034	0.06182374262833723	0.005392725213686737	0.0005777919871807218	0.00019259732906024056	0.0	0.0	0.0	9.629866453012028e-05	0.0	0.0	0.0	0.0	0.0	0.0	0.0	0.0	0.0	0.0	0.0	0.0	0.0	0.0	0.0	0.0	0.0	0.0	0.0	0.0
Tzo-ABol_092-Ex1-8H-lcwgs-1-1	90.45729916059166	8.659715676825124	0.8031091301855077	0.07339719865879266	0.00585757570916604	0.0005325068826514583	0.0	0.0	0.0	8.875114710857637e-05	0.0	0.0	0.0	0.0	0.0	0.0	0.0	0.0	0.0	0.0	0.0	0.0	0.0	0.0	0.0	0.0	0.0	0.0	0.0	0.0	0.0
Tzo-ABol_093-Ex1-9H-lcwgs-1-1	91.20393689763327	8.032146610170855	0.7014771412432833	0.058094344571880084	0.003701301731726432	0.0003218523244979506	0.0001609261622489753	0.0	0.0	0.0	0.0	0.0001609261622489753	0.0	0.0	0.0	0.0	0.0	0.0	0.0	0.0	0.0	0.0	0.0	0.0	0.0	0.0	0.0	0.0	0.0	0.0	0.0
Tzo-ABol_095-Ex1-11H-lcwgs-1-1	91.28375099038857	7.9795243645957346	0.6792717377326636	0.053719505365728205	0.0037334019173092957	0.0	0.0	0.0	0.0	0.0	0.0	0.0	0.0	0.0	0.0	0.0	0.0	0.0	0.0	0.0	0.0	0.0	0.0	0.0	0.0	0.0	0.0	0.0	0.0	0.0	0.0
Tzo-ABol_096-Ex1-12H-lcwgs-1-1	90.37334744658502	8.718201527562481	0.8218103469119651	0.07898406080160762	0.006984984968849654	0.0004029799020490185	0.0	0.0001343266340163395	0.0	0.0	0.0001343266340163395	0.0	0.0	0.0	0.0	0.0	0.0	0.0	0.0	0.0	0.0	0.0	0.0	0.0	0.0	0.0	0.0	0.0	0.0	0.0	0.0
Tzo-AMta_001-Ex1-5D-lcwgs-1-1	90.46786427479783	8.644181091069616	0.8124808438837986	0.06909277679737981	0.005544159228253035	0.0005753372784036169	0.00010460677789156671	0.0	0.0	0.0	0.0	5.2303388945783354e-05	0.0	5.2303388945783354e-05	0.0	0.0	5.2303388945783354e-05	0.0	0.0	0.0	0.0	0.0	0.0	0.0	0.0	0.0	0.0	0.0	0.0	0.0	0.0
Tzo-AMta_002-Ex1-5E-lcwgs-1-1	89.81966142562918	9.15864484136951	0.9274268204292819	0.08430631005604633	0.008324422851975974	0.0009472619107420935	0.00037316378301961267	0.0001148196255444962	8.611471915837214e-05	5.74098127722481e-05	0.0	0.0	0.0	0.0	2.870490638612405e-05	0.0	0.0	0.0	0.0	2.870490638612405e-05	0.0	0.0	0.0	0.0	0.0	0.0	0.0	0.0	0.0	0.0	0.0
Tzo-AMta_003-Ex1-5F-lcwgs-1-1	88.53288179781632	10.140542708620575	1.1686444135013982	0.1350504445087614	0.01763905569520441	0.002917053138225019	0.0011850528374039138	0.00029626320935097845	0.0003190526869933614	0.00018231582113906368	4.557895528476592e-05	0.00011394738821191479	4.557895528476592e-05	0.0	2.278947764238296e-05	0.0	4.557895528476592e-05	2.278947764238296e-05	2.278947764238296e-05	0.0	0.0	0.0	0.0	0.0	0.0	0.0	0.0	0.0	0.0	0.0	2.278947764238296e-05
Tzo-AMta_004-Ex1-5G-lcwgs-1-1	89.97489080665922	9.040380841701712	0.8931211847254301	0.08336187265565022	0.006881899144469566	0.001071239017771206	9.738536525192783e-05	3.246178841730927e-05	0.0	3.246178841730927e-05	0.0	0.0	0.0	0.0	0.0	0.0	0.0	0.0	0.0	3.246178841730927e-05	0.0	0.0	0.0	3.246178841730927e-05	0.0	0.0	0.0	0.0	0.0	0.0	6.492357683461854e-05
Tzo-AMta_005-Ex1-5H-lcwgs-1-1	89.88156510966729	9.134309020257925	0.8971740951667959	0.07923696336105096	0.006879272390221296	0.0006962826305891999	2.7851305223567996e-05	5.570261044713599e-05	0.0	2.7851305223567996e-05	0.0	0.0	2.7851305223567996e-05	0.0	0.0	0.0	0.0	0.0	0.0	0.0	0.0	0.0	0.0	0.0	0.0	0.0	0.0	0.0	0.0	0.0	0.0
Tzo-AMta_006-Ex1-1B-lcwgs-2-1	91.18183776659782	8.104225012989318	0.6641976403796682	0.04530420346973173	0.0030097198109262334	0.000792031529191114	0.00015840630583822282	0.00031681261167644563	0.0	0.0	0.0	0.0	0.0	0.0	0.00015840630583822282	0.0	0.0	0.0	0.0	0.0	0.0	0.0	0.0	0.0	0.0	0.0	0.0	0.0	0.0	0.0	0.0
Tzo-AMta_006-Ex1-6A-lcwgs-1-1	88.05798506909194	10.500602515812552	1.2778439264731332	0.14410934126798675	0.01682737742531555	0.0021532663056090993	0.00023925181173434435	0.0	7.975060391144813e-05	0.0	0.0	7.975060391144813e-05	0.0	0.0	0.0	7.975060391144813e-05	0.0	0.0	0.0	0.0	0.0	0.0	0.0	0.0	0.0	0.0	0.0	0.0	0.0	0.0	0.0
Tzo-AMta_007-Ex1-6B-lcwgs-1-1	89.20717096703672	9.647209413586426	1.0306371302997581	0.10314436207041065	0.010513178485255483	0.001065719462888912	8.640968618018206e-05	5.7606457453454705e-05	0.0	0.0	0.0	5.7606457453454705e-05	0.0	0.0	0.0	0.0	0.0	0.0	0.0	0.0	0.0	0.0	0.0	0.0	0.0	0.0	2.8803228726727352e-05	0.0	0.0	0.0	2.8803228726727352e-05
Tzo-AMta_008-Ex1-6C-lcwgs-1-1	89.15704308951712	9.685278108184567	1.0398780512524335	0.10581503872001993	0.010223107572061891	0.0013513303112495604	0.0001175069835869183	2.9376745896729576e-05	0.0	5.875349179345915e-05	0.0	2.9376745896729576e-05	5.875349179345915e-05	0.0	0.0	0.0	0.0	0.0	0.0	5.875349179345915e-05	2.9376745896729576e-05	0.0	0.0	0.0	0.0	0.0	0.0	0.0	2.9376745896729576e-05	0.0	0.0
Tzo-AMta_009-Ex1-6D-lcwgs-1-1	89.84041556330946	9.176641588090465	0.8920991755400192	0.08154471440036738	0.008011410537579953	0.0008297532342493523	0.0002002852634394988	2.8612180491356978e-05	2.8612180491356978e-05	2.8612180491356978e-05	2.8612180491356978e-05	2.8612180491356978e-05	0.0	2.8612180491356978e-05	2.8612180491356978e-05	2.8612180491356978e-05	0.0	0.0	0.0	0.0	0.0	0.0	0.0	0.0	0.0	0.0	0.0	0.0	0.0	0.0	2.8612180491356978e-05
Tzo-AMta_010-Ex1-6E-lcwgs-1-1	89.78603950140146	9.200593027762293	0.9217012547627224	0.08269209918182666	0.007813426694345824	0.0008209759932464815	0.00019816661905949556	8.49285510254981e-05	0.0	0.0	0.0	0.0	0.0	0.0	0.0	0.0	0.0	0.0	0.0	0.0	0.0	2.8309517008499366e-05	0.0	0.0	0.0	0.0	0.0	0.0	0.0	2.8309517008499366e-05	0.0
Tzo-AMta_011-Ex1-6F-lcwgs-1-1	94.85049833887044	4.634085757754526	0.46418480454559574	0.04346881112801565	0.007762287701431365	0.0	0.0	0.0	0.0	0.0	0.0	0.0	0.0	0.0	0.0	0.0	0.0	0.0	0.0	0.0	0.0	0.0	0.0	0.0	0.0	0.0	0.0	0.0	0.0	0.0	0.0
Tzo-AMta_012-Ex1-6G-lcwgs-1-1	90.18004588313067	8.895975939570892	0.8432959170441368	0.07231133561465944	0.0073619292589601594	0.0007100337863971727	7.474039856812344e-05	3.737019928406172e-05	7.474039856812344e-05	0.0	0.0	0.0	0.0	0.0	0.0	0.0	0.0	0.0	0.0	0.0	0.0	3.737019928406172e-05	0.0	3.737019928406172e-05	0.0	3.737019928406172e-05	0.0	0.0	0.0	0.0	0.0
Tzo-AMta_013-Ex1-6H-lcwgs-1-1	90.21935693055146	8.852210053698775	0.8478103382408481	0.074043459912391	0.00577953368977426	0.0005088897588480481	0.00018174634244573143	3.6349268489146294e-05	3.6349268489146294e-05	0.0	0.0	0.0	0.0	0.0	0.0	0.0	0.0	0.0	0.0	3.6349268489146294e-05	0.0	0.0	0.0	0.0	0.0	0.0	0.0	0.0	0.0	0.0	0.0
Tzo-AMta_014-Ex1-7A-lcwgs-1-1	88.02441734700925	10.528318081317442	1.2756026067877648	0.1508608728917712	0.018047383277701355	0.002330061221299471	0.0002541884968690332	0.0001270942484345166	0.0	0.0	0.0	0.0	0.0	0.0	0.0	0.0	0.0	0.0	4.2364749478172195e-05	0.0	0.0	0.0	0.0	0.0	0.0	0.0	0.0	0.0	0.0	0.0	0.0
Tzo-AMta_015-Ex1-7B-lcwgs-1-1	88.52298267033275	10.148081222545214	1.1780501943211446	0.1335439348840844	0.014826320626409371	0.0020606979932013022	0.00026762311600016914	5.3524623200033826e-05	2.6762311600016913e-05	2.6762311600016913e-05	2.6762311600016913e-05	0.0	2.6762311600016913e-05	0.0	0.0	0.0	0.0	0.0	0.0	0.0	0.0	0.0	0.0	0.0	0.0	0.0	0.0	0.0	0.0	0.0	2.6762311600016913e-05
Tzo-AMta_016-Ex1-7C-lcwgs-1-1	89.22143487465772	9.62520404337271	1.035574559626113	0.10543976791131547	0.010831815238015885	0.0012119513553024766	7.574695970640479e-05	3.7873479853202395e-05	7.574695970640479e-05	3.7873479853202395e-05	0.0	3.7873479853202395e-05	0.0	0.0	0.0	0.0	0.0	0.0	0.0	3.7873479853202395e-05	0.0	0.0	0.0	0.0	0.0	0.0	0.0	0.0	0.0	0.0	0.0
Tzo-AMta_017-Ex1-7D-lcwgs-1-1	89.38976516717726	9.485993350582834	1.00980656135919	0.1013186739532137	0.011758397575978895	0.0009822739989761237	0.00023112329387673503	5.778082346918376e-05	2.889041173459188e-05	0.0	0.0	0.0	0.0	0.0	0.0	0.0	0.0	0.0	0.0	0.0	0.0	0.0	0.0	2.889041173459188e-05	0.0	0.0	0.0	0.0	0.0	0.0	2.889041173459188e-05
Tzo-AMta_018-Ex1-7E-lcwgs-1-1	90.15412276053475	8.907046166899503	0.8521972361086723	0.07820354833546486	0.00773100154930825	0.0005438895562327413	0.00011654776204987311	3.884925401662437e-05	0.0	0.0	0.0	0.0	0.0	0.0	0.0	0.0	0.0	0.0	0.0	0.0	0.0	0.0	0.0	0.0	0.0	0.0	0.0	0.0	0.0	0.0	0.0
Tzo-AMta_019-Ex1-7F-lcwgs-1-1	89.5575277046375	9.391704724697574	0.9505294906270582	0.09073979206534821	0.008291538271093595	0.0008174756041923264	0.00023356445834066467	3.892740972344411e-05	0.0	3.892740972344411e-05	0.0	0.0	0.0	0.0	0.0	0.0	0.0	3.892740972344411e-05	0.0	0.0	0.0	0.0	0.0	0.0	0.0	0.0	0.0	0.0	0.0	0.0	3.892740972344411e-05
Tzo-AMta_020-Ex1-7G-lcwgs-1-1	90.19575200766188	8.865548336432928	0.8526427913862218	0.07703664596438074	0.007660553257758051	0.0009617144782466817	0.0001989754092924169	0.0	6.632513643080564e-05	0.0	3.316256821540282e-05	3.316256821540282e-05	3.316256821540282e-05	0.0	0.0	0.0	0.0	0.0	3.316256821540282e-05	0.0	0.0	0.0	0.0	0.0	0.0	0.0	0.0	0.0	0.0	0.0	0.0
Tzo-AMta_021-Ex1-7H-lcwgs-1-1	89.70455732327133	9.29016159521025	0.916788028567856	0.08017240745235626	0.007401237155865458	0.000735526673874828	9.19408342343535e-05	0.0	4.597041711717675e-05	0.0	0.0	0.0	0.0	0.0	0.0	0.0	0.0	0.0	0.0	0.0	4.597041711717675e-05	0.0	0.0	0.0	0.0	0.0	0.0	0.0	0.0	0.0	0.0
Tzo-AMta_022-Ex1-8A-lcwgs-1-1	88.2210287451029	10.383469442545989	1.2355851252115455	0.1409353088407052	0.01672983342558017	0.001767035217011875	0.00019950397611424398	5.700113603264113e-05	8.55017040489617e-05	0.0	5.700113603264113e-05	0.0	0.0	0.0	0.0	0.0	2.8500568016320565e-05	2.8500568016320565e-05	0.0	0.0	0.0	0.0	0.0	0.0	0.0	0.0	0.0	0.0	0.0	0.0	2.8500568016320565e-05
Tzo-AMta_023-Ex1-8B-lcwgs-1-1	90.3449574187702	8.736517539297365	0.8378687014045548	0.07338840654624587	0.006346147232743	0.0006027067204281061	0.00017726668247885474	3.545333649577095e-05	0.0	0.0	3.545333649577095e-05	3.545333649577095e-05	0.0	0.0	3.545333649577095e-05	0.0	0.0	0.0	0.0	0.0	0.0	0.0	0.0	0.0	0.0	0.0	0.0	0.0	0.0	0.0	0.0
Tzo-AMta_024-Ex1-8C-lcwgs-1-1	90.2892153304366	8.792989482764648	0.8373306355624126	0.07320545806990315	0.005914816654126487	0.0010370133094897089	0.00011522370105441208	3.840790035147069e-05	3.840790035147069e-05	0.0	0.0	0.0	0.0	3.840790035147069e-05	3.840790035147069e-05	0.0	0.0	0.0	0.0	0.0	0.0	0.0	0.0	0.0	0.0	0.0	0.0	0.0	0.0	0.0	3.840790035147069e-05
Tzo-AMta_025-Ex1-1E-lcwgs-2-1	89.94816982652584	9.075285235610977	0.8877012908060115	0.08058701276667939	0.007012483917942627	0.000791732055251587	0.0001131045793216553	0.0	0.0	5.655228966082765e-05	5.655228966082765e-05	0.0	0.0	5.655228966082765e-05	0.0	0.0	5.655228966082765e-05	0.0	0.0	0.0	0.0	0.0	0.0	0.0	5.655228966082765e-05	0.0	0.0	0.0	0.0	0.0	5.655228966082765e-05
Tzo-AMta_025-Ex1-8D-lcwgs-1-1	89.92626714525424	9.105510683347177	0.8782135984742763	0.082115586603415	0.007132216555015779	0.0005230292140344905	9.509622073354372e-05	0.0	0.0	4.754811036677186e-05	0.0	0.0	0.0	0.0	0.0	0.0	0.0	0.0	0.0	4.754811036677186e-05	0.0	0.0	4.754811036677186e-05	0.0	0.0	0.0	0.0	0.0	0.0	0.0	0.0
Tzo-AMta_026-Ex1-8E-lcwgs-1-1	90.80661975501694	8.361490991835423	0.7630763556445627	0.06248790249448659	0.005410537898912863	0.0004953309344075157	0.0	3.8102379569808895e-05	0.00011430713870942669	0.0	3.8102379569808895e-05	3.8102379569808895e-05	0.0	0.0	0.0	0.0	3.8102379569808895e-05	0.0	0.0	0.0	3.8102379569808895e-05	0.0	0.0	0.0	3.8102379569808895e-05	0.0	0.0	0.0	0.0	0.0	7.620475913961779e-05
Tzo-AMta_027-Ex1-1C-lcwgs-2-1	91.55937653587685	7.772308649811434	0.6176849041365872	0.04420855571389408	0.004939503431720009	0.000493950343172001	0.0007409255147580013	0.0	0.0	0.0	0.0002469751715860005	0.0	0.0	0.0	0.0	0.0	0.0	0.0	0.0	0.0	0.0	0.0	0.0	0.0	0.0	0.0	0.0	0.0	0.0	0.0	0.0
Tzo-AMta_027-Ex1-8F-lcwgs-1-1	90.11541546596952	8.89991384688512	0.9001515106503075	0.0790232019250765	0.0044561955972787495	0.000445619559727875	0.00014853985324262501	0.00014853985324262501	0.0	0.0	0.0	0.0	0.0	0.00014853985324262501	0.0	0.0	0.0	0.0	0.0	0.0	0.00014853985324262501	0.0	0.0	0.0	0.0	0.0	0.0	0.0	0.0	0.0	0.0
Tzo-AMta_028-Ex1-8G-lcwgs-1-1	89.53271716041726	9.388801631117213	0.972389632378944	0.09546844066815793	0.00894579824708947	0.0011648174800897749	0.00027955619522154594	0.0	0.0	4.659269920359099e-05	0.0	0.0	0.0	0.0	0.0	0.0	0.0	9.318539840718198e-05	0.0	0.0	0.0	0.0	0.0	0.0	0.0	0.0	4.659269920359099e-05	0.0	0.0	0.0	4.659269920359099e-05
Tzo-AMta_029-Ex1-8H-lcwgs-1-1	89.9196420409053	9.097356796772422	0.8901761164371658	0.08398456532462144	0.007584730480871912	0.0006529900413995686	0.00020092001273832883	0.0	0.00010046000636916442	0.000251150015922911	0.0	0.0	0.0	0.0	0.0	0.0	0.0	0.0	0.0	0.0	0.0	0.0	0.0	0.0	5.023000318458221e-05	0.0	0.0	0.0	0.0	0.0	0.0
Tzo-AMta_030-Ex1-9A-lcwgs-1-1	87.83773792604885	10.68082927376933	1.3020726367587017	0.15471525547185416	0.02026359098215435	0.0032859877268358404	0.00027383231056965333	0.00027383231056965333	0.0	0.0	0.0	0.00027383231056965333	0.0	0.0	0.00027383231056965333	0.0	0.0	0.0	0.0	0.0	0.0	0.0	0.0	0.0	0.0	0.0	0.0	0.0	0.0	0.0	0.0
Tzo-AMta_031-Ex1-9B-lcwgs-1-1	88.61654201981266	10.070965347601772	1.1702242799228575	0.12550607165392763	0.014772513838679929	0.0015375473587197477	0.00021103591198114185	3.0147987425877406e-05	3.0147987425877406e-05	0.0	9.044396227763221e-05	0.0	0.0	0.0	0.0	0.0	0.0	0.0	0.0	0.0	0.0	3.0147987425877406e-05	0.0	0.0	0.0	0.0	0.0	0.0	0.0	0.0	6.029597485175481e-05
Tzo-AMvi_001-Ex1-1A-lcwgs-1-1	91.49905409640093	7.781362797553418	0.6696765357876533	0.04526409860609789	0.003481853738930607	0.0005803089564884344	0.0	0.0005803089564884344	0.0	0.0	0.0	0.0	0.0	0.0	0.0	0.0	0.0	0.0	0.0	0.0	0.0	0.0	0.0	0.0	0.0	0.0	0.0	0.0	0.0	0.0	0.0
Tzo-AMvi_002-Ex1-1E-lcwgs-1-1	91.76522976333996	7.558676267744073	0.6169018061755347	0.05430473645911397	0.004887426281320257	0.0	0.0	0.0	0.0	0.0	0.0	0.0	0.0	0.0	0.0	0.0	0.0	0.0	0.0	0.0	0.0	0.0	0.0	0.0	0.0	0.0	0.0	0.0	0.0	0.0	0.0
Tzo-AMvi_003-Ex1-2A-lcwgs-1-1	90.51045935816752	8.608130843436394	0.8040530370150197	0.07011647337003016	0.005716016850817676	0.0007621355801090235	0.00019053389502725587	0.0	0.0	0.0	0.00019053389502725587	0.00019053389502725587	0.0	0.0	0.00019053389502725587	0.0	0.0	0.0	0.0	0.0	0.0	0.0	0.0	0.0	0.0	0.0	0.0	0.0	0.0	0.0	0.0
Tzo-AMvi_004-Ex1-2E-lcwgs-1-1	90.46705213837105	8.653175157013258	0.8087428970192403	0.06355298574419299	0.007476821852258001	0.0	0.0	0.0	0.0	0.0	0.0	0.0	0.0	0.0	0.0	0.0	0.0	0.0	0.0	0.0	0.0	0.0	0.0	0.0	0.0	0.0	0.0	0.0	0.0	0.0	0.0
Tzo-AMvi_005-Ex1-3A-lcwgs-1-1	90.64026110302098	8.461199580895535	0.8166120615385578	0.07433705044668742	0.007042457410738809	0.0004694971607159206	0.0	0.0	0.0	7.824952678598676e-05	0.0	0.0	0.0	0.0	0.0	0.0	0.0	0.0	0.0	0.0	0.0	0.0	0.0	0.0	0.0	0.0	0.0	0.0	0.0	0.0	0.0
Tzo-AMvi_006-Ex1-1A-lcwgs-2-1	87.65293581666788	10.793768931060395	1.3674684026477333	0.15987337900611784	0.021082203824982573	0.0029547028088043755	0.0010381388247150509	0.00015971366534077707	0.00015971366534077707	0.00031942733068155414	7.985683267038853e-05	7.985683267038853e-05	0.0	0.0	0.0	0.0	0.0	0.0	0.0	0.0	0.0	0.0	0.0	0.0	0.0	0.0	0.0	0.0	0.0	0.0	7.985683267038853e-05
Tzo-AMvi_007-Ex1-4A-lcwgs-1-1	91.49136470225767	7.7537955942009145	0.7000667545316057	0.04792633038358181	0.0051349639696694795	0.0017116546565564932	0.0	0.0	0.0	0.0	0.0	0.0	0.0	0.0	0.0	0.0	0.0	0.0	0.0	0.0	0.0	0.0	0.0	0.0	0.0	0.0	0.0	0.0	0.0	0.0	0.0
Tzo-AMvi_008-Ex1-1B-lcwgs-2-1	89.50608148829707	9.41574388044208	0.9744751217691758	0.09233224164666672	0.009222500327077046	0.0009651453830662025	0.0003217151276887342	0.0	0.00021447675179248944	0.0	0.00010723837589624472	0.0	0.0	0.00010723837589624472	0.0	0.0	0.0	0.0	0.00010723837589624472	0.00010723837589624472	0.0	0.0	0.0	0.0	0.0	0.00010723837589624472	0.0	0.0	0.0	0.0	0.00010723837589624472
Tzo-AMvi_009-Ex1-5A-lcwgs-1-1	92.54729939297266	6.836811555673712	0.5760113429926005	0.03544685187646772	0.004430856484558465	0.0	0.0	0.0	0.0	0.0	0.0	0.0	0.0	0.0	0.0	0.0	0.0	0.0	0.0	0.0	0.0	0.0	0.0	0.0	0.0	0.0	0.0	0.0	0.0	0.0	0.0
Tzo-AMvi_010-Ex1-5E-lcwgs-1-1	90.98032768918844	8.227848101265822	0.7151076771329936	0.07123678009753959	0.005479752315195353	0.0	0.0	0.0	0.0	0.0	0.0	0.0	0.0	0.0	0.0	0.0	0.0	0.0	0.0	0.0	0.0	0.0	0.0	0.0	0.0	0.0	0.0	0.0	0.0	0.0	0.0
Tzo-AMvi_011-Ex1-6A-lcwgs-1-1	96.59424225964149	3.1450298750678978	0.2390005431830527	0.021727322107550243	0.0	0.0	0.0	0.0	0.0	0.0	0.0	0.0	0.0	0.0	0.0	0.0	0.0	0.0	0.0	0.0	0.0	0.0	0.0	0.0	0.0	0.0	0.0	0.0	0.0	0.0	0.0
Tzo-AMvi_012-Ex1-6E-lcwgs-1-1	91.88739031524213	7.46465713357166	0.614099230852562	0.032499187520311994	0.0013541328133463329	0.0	0.0	0.0	0.0	0.0	0.0	0.0	0.0	0.0	0.0	0.0	0.0	0.0	0.0	0.0	0.0	0.0	0.0	0.0	0.0	0.0	0.0	0.0	0.0	0.0	0.0
Tzo-AMvi_013-Ex1-1B-lcwgs-1-1	92.27109835069263	7.109625500345788	0.5731709872791668	0.045057317098727914	0.0	0.0	0.0	0.001047844583691347	0.0	0.0	0.0	0.0	0.0	0.0	0.0	0.0	0.0	0.0	0.0	0.0	0.0	0.0	0.0	0.0	0.0	0.0	0.0	0.0	0.0	0.0	0.0
Tzo-AMvi_014-Ex1-1C-lcwgs-2-1	99.42377552298635	0.5636978579481398	0.012526619065514218	0.0	0.0	0.0	0.0	0.0	0.0	0.0	0.0	0.0	0.0	0.0	0.0	0.0	0.0	0.0	0.0	0.0	0.0	0.0	0.0	0.0	0.0	0.0	0.0	0.0	0.0	0.0	0.0
Tzo-AMvi_015-Ex1-2B-lcwgs-1-1	90.18429935558405	8.846369068033718	0.8884636906803371	0.07473059080488817	0.0050542428563692485	0.0010830520406505534	0.0	0.0	0.0	0.0	0.0	0.0	0.0	0.0	0.0	0.0	0.0	0.0	0.0	0.0	0.0	0.0	0.0	0.0	0.0	0.0	0.0	0.0	0.0	0.0	0.0
Tzo-AMvi_016-Ex1-2F-lcwgs-1-1	91.81328761767271	7.401726367710307	0.7218262203374537	0.057144575776715084	0.006015218502812114	0.0	0.0	0.0	0.0	0.0	0.0	0.0	0.0	0.0	0.0	0.0	0.0	0.0	0.0	0.0	0.0	0.0	0.0	0.0	0.0	0.0	0.0	0.0	0.0	0.0	0.0
Tzo-AMvi_017-Ex1-3B-lcwgs-1-1	90.55184546890708	8.496696826080713	0.8724687634640241	0.06642251902915411	0.010771219302024989	0.0017952032170041648	0.0	0.0	0.0	0.0	0.0	0.0	0.0	0.0	0.0	0.0	0.0	0.0	0.0	0.0	0.0	0.0	0.0	0.0	0.0	0.0	0.0	0.0	0.0	0.0	0.0
Tzo-AMvi_018-Ex1-3F-lcwgs-1-1	89.80107737217492	9.253964910168829	0.8667128110987391	0.060188389659634654	0.018056516897890396	0.0	0.0	0.0	0.0	0.0	0.0	0.0	0.0	0.0	0.0	0.0	0.0	0.0	0.0	0.0	0.0	0.0	0.0	0.0	0.0	0.0	0.0	0.0	0.0	0.0	0.0
Tzo-AMvi_019-Ex1-1D-lcwgs-2-1	99.59226819691936	0.347327091513138	0.06040471156750227	0.0	0.0	0.0	0.0	0.0	0.0	0.0	0.0	0.0	0.0	0.0	0.0	0.0	0.0	0.0	0.0	0.0	0.0	0.0	0.0	0.0	0.0	0.0	0.0	0.0	0.0	0.0	0.0
Tzo-AMvi_020-Ex1-4F-lcwgs-1-1	90.84092581065022	8.219681964801087	0.8629958689378078	0.07073736630637768	0.0056589893045102145	0.0	0.0	0.0	0.0	0.0	0.0	0.0	0.0	0.0	0.0	0.0	0.0	0.0	0.0	0.0	0.0	0.0	0.0	0.0	0.0	0.0	0.0	0.0	0.0	0.0	0.0
Tzo-AMvi_021-Ex1-1E-lcwgs-2-1	88.43642530167406	10.25454593599225	1.1673630426795563	0.12572280961517457	0.014232770899831083	0.0013239786883563797	0.00016549733604454746	5.5165778681515824e-05	5.5165778681515824e-05	0.0	5.5165778681515824e-05	0.0	0.0	0.0	0.0	0.0	0.0	0.0	0.0	0.0	0.0	0.0	0.0	5.5165778681515824e-05	0.0	0.0	0.0	0.0	0.0	0.0	0.0
Tzo-AMvi_022-Ex1-5F-lcwgs-1-1	90.12315446855837	8.901405001683553	0.8805493485159223	0.08978950483128756	0.004081341128694889	0.0010203352821737224	0.0	0.0	0.0	0.0	0.0	0.0	0.0	0.0	0.0	0.0	0.0	0.0	0.0	0.0	0.0	0.0	0.0	0.0	0.0	0.0	0.0	0.0	0.0	0.0	0.0
Tzo-AMvi_023-Ex1-6B-lcwgs-1-1	92.82713849287168	6.517311608961303	0.5791751527494908	0.07637474541751527	0.0	0.0	0.0	0.0	0.0	0.0	0.0	0.0	0.0	0.0	0.0	0.0	0.0	0.0	0.0	0.0	0.0	0.0	0.0	0.0	0.0	0.0	0.0	0.0	0.0	0.0	0.0
Tzo-AMvi_024-Ex1-6F-lcwgs-1-1	92.0336039356527	7.33298230999552	0.5901907314121354	0.0392936572178519	0.0015717462887140756	0.0023576194330711137	0.0	0.0	0.0	0.0	0.0	0.0	0.0	0.0	0.0	0.0	0.0	0.0	0.0	0.0	0.0	0.0	0.0	0.0	0.0	0.0	0.0	0.0	0.0	0.0	0.0
Tzo-AMvi_025-Ex1-1C-lcwgs-1-1	91.59062684500906	7.67930943219528	0.6738736537795965	0.05171115047130438	0.0032573953052790166	0.0008143488263197542	0.0004071744131598771	0.0	0.0	0.0	0.0	0.0	0.0	0.0	0.0	0.0	0.0	0.0	0.0	0.0	0.0	0.0	0.0	0.0	0.0	0.0	0.0	0.0	0.0	0.0	0.0
Tzo-AMvi_026-Ex1-1G-lcwgs-1-1	91.48856538124	7.745470032522843	0.6930463063342109	0.0671106292912085	0.005162356099323731	0.0006452945124154664	0.0	0.0	0.0	0.0	0.0	0.0	0.0	0.0	0.0	0.0	0.0	0.0	0.0	0.0	0.0	0.0	0.0	0.0	0.0	0.0	0.0	0.0	0.0	0.0	0.0
Tzo-AMvi_027-Ex1-2C-lcwgs-1-1	91.35910833186176	7.915839990027942	0.6679200988895698	0.052457177284484104	0.0036356459504097893	0.0005193779929156841	0.0	0.0005193779929156841	0.0	0.0	0.0	0.0	0.0	0.0	0.0	0.0	0.0	0.0	0.0	0.0	0.0	0.0	0.0	0.0	0.0	0.0	0.0	0.0	0.0	0.0	0.0
Tzo-AMvi_028-Ex1-2G-lcwgs-1-1	91.74136084333954	7.518039348328541	0.6835221827611477	0.049326343085856025	0.006341958396752917	0.0007046620440836575	0.0	0.0	0.0	0.0	0.0	0.0007046620440836575	0.0	0.0	0.0	0.0	0.0	0.0	0.0	0.0	0.0	0.0	0.0	0.0	0.0	0.0	0.0	0.0	0.0	0.0	0.0
Tzo-AMvi_029-Ex1-3C-lcwgs-1-1	92.93867590332992	6.3764465086987325	0.6297724946862946	0.055105093285050775	0.0	0.0	0.0	0.0	0.0	0.0	0.0	0.0	0.0	0.0	0.0	0.0	0.0	0.0	0.0	0.0	0.0	0.0	0.0	0.0	0.0	0.0	0.0	0.0	0.0	0.0	0.0
Tzo-AMvi_030-Ex1-3G-lcwgs-1-1	89.51499549898135	9.4221323773275	0.9717988807993387	0.08317671894165522	0.006843654090136189	0.0005264349300104761	0.0005264349300104761	0.0	0.0	0.0	0.0	0.0	0.0	0.0	0.0	0.0	0.0	0.0	0.0	0.0	0.0	0.0	0.0	0.0	0.0	0.0	0.0	0.0	0.0	0.0	0.0
Tzo-AMvi_031-Ex1-4C-lcwgs-1-1	92.7993824891568	6.630890244798941	0.5292950084540174	0.036756597809306776	0.003675659780930677	0.0	0.0	0.0	0.0	0.0	0.0	0.0	0.0	0.0	0.0	0.0	0.0	0.0	0.0	0.0	0.0	0.0	0.0	0.0	0.0	0.0	0.0	0.0	0.0	0.0	0.0
Tzo-AMvi_032-Ex1-4G-lcwgs-1-1	90.86775023015143	8.375924573823053	0.6817243897019142	0.0666645503317355	0.0047617535951239645	0.0023808767975619823	0.0007936255991873273	0.0	0.0	0.0	0.0	0.0	0.0	0.0	0.0	0.0	0.0	0.0	0.0	0.0	0.0	0.0	0.0	0.0	0.0	0.0	0.0	0.0	0.0	0.0	0.0
Tzo-AMvi_033-Ex1-5C-lcwgs-1-1	90.40206921486646	8.701456423187814	0.8278713601008649	0.06489473147487183	0.0037082703699926763	0.0	0.0	0.0	0.0	0.0	0.0	0.0	0.0	0.0	0.0	0.0	0.0	0.0	0.0	0.0	0.0	0.0	0.0	0.0	0.0	0.0	0.0	0.0	0.0	0.0	0.0
Tzo-AMvi_034-Ex1-5G-lcwgs-1-1	91.40956131801799	7.820766014364555	0.715083926616727	0.049730057246726814	0.003715464047169245	0.0011432197068213061	0.0	0.0	0.0	0.0	0.0	0.0	0.0	0.0	0.0	0.0	0.0	0.0	0.0	0.0	0.0	0.0	0.0	0.0	0.0	0.0	0.0	0.0	0.0	0.0	0.0
Tzo-AMvi_035-Ex1-6C-lcwgs-1-1	91.87133941430629	7.508401344215073	0.5780124819971195	0.04032645223235718	0.0019203072491598657	0.0	0.0	0.0	0.0	0.0	0.0	0.0	0.0	0.0	0.0	0.0	0.0	0.0	0.0	0.0	0.0	0.0	0.0	0.0	0.0	0.0	0.0	0.0	0.0	0.0	0.0
Tzo-AMvi_036-Ex1-6G-lcwgs-1-1	91.49932331102089	7.7325432532279885	0.7108282429252472	0.054866673982223196	0.0024385188436543644	0.0	0.0	0.0	0.0	0.0	0.0	0.0	0.0	0.0	0.0	0.0	0.0	0.0	0.0	0.0	0.0	0.0	0.0	0.0	0.0	0.0	0.0	0.0	0.0	0.0	0.0
Tzo-AMvi_037-Ex1-1D-lcwgs-1-1	94.6756886063837	4.90738842184403	0.38958376050850935	0.02733921126375504	0.0	0.0	0.0	0.0	0.0	0.0	0.0	0.0	0.0	0.0	0.0	0.0	0.0	0.0	0.0	0.0	0.0	0.0	0.0	0.0	0.0	0.0	0.0	0.0	0.0	0.0	0.0
Tzo-AMvi_038-Ex1-1H-lcwgs-1-1	91.44458979629975	7.771756058057684	0.7238522394567993	0.05731016009468635	0.0024917460910733194	0.0	0.0	0.0	0.0	0.0	0.0	0.0	0.0	0.0	0.0	0.0	0.0	0.0	0.0	0.0	0.0	0.0	0.0	0.0	0.0	0.0	0.0	0.0	0.0	0.0	0.0
Tzo-AMvi_039-Ex1-2D-lcwgs-1-1	92.70825408900723	6.705971852415367	0.5477367820464054	0.030429821224800303	0.003803727653100038	0.003803727653100038	0.0	0.0	0.0	0.0	0.0	0.0	0.0	0.0	0.0	0.0	0.0	0.0	0.0	0.0	0.0	0.0	0.0	0.0	0.0	0.0	0.0	0.0	0.0	0.0	0.0
Tzo-AMvi_040-Ex1-2H-lcwgs-1-1	92.21065388640996	7.0318955544538095	0.7133807084228503	0.04131548504379441	0.0027543656695862943	0.0	0.0	0.0	0.0	0.0	0.0	0.0	0.0	0.0	0.0	0.0	0.0	0.0	0.0	0.0	0.0	0.0	0.0	0.0	0.0	0.0	0.0	0.0	0.0	0.0	0.0
Tzo-AMvi_041-Ex1-3D-lcwgs-1-1	98.92373923739237	1.045510455104551	0.03075030750307503	0.0	0.0	0.0	0.0	0.0	0.0	0.0	0.0	0.0	0.0	0.0	0.0	0.0	0.0	0.0	0.0	0.0	0.0	0.0	0.0	0.0	0.0	0.0	0.0	0.0	0.0	0.0	0.0
Tzo-AMvi_042-Ex1-3H-lcwgs-1-1	91.51595191802096	7.730780048179805	0.6970174988077332	0.05258202183988163	0.0012228377172065496	0.0024456754344130993	0.0	0.0	0.0	0.0	0.0	0.0	0.0	0.0	0.0	0.0	0.0	0.0	0.0	0.0	0.0	0.0	0.0	0.0	0.0	0.0	0.0	0.0	0.0	0.0	0.0
Tzo-AMvi_043-Ex1-4D-lcwgs-1-1	92.99977007835022	6.414814028757893	0.5358943067862258	0.049521586105657836	0.0	0.0	0.0	0.0	0.0	0.0	0.0	0.0	0.0	0.0	0.0	0.0	0.0	0.0	0.0	0.0	0.0	0.0	0.0	0.0	0.0	0.0	0.0	0.0	0.0	0.0	0.0
Tzo-AMvi_044-Ex1-4H-lcwgs-1-1	92.7933644563296	6.603816344105516	0.5710918732719938	0.03172732629288855	0.0	0.0	0.0	0.0	0.0	0.0	0.0	0.0	0.0	0.0	0.0	0.0	0.0	0.0	0.0	0.0	0.0	0.0	0.0	0.0	0.0	0.0	0.0	0.0	0.0	0.0	0.0
Tzo-AMvi_045-Ex1-5D-lcwgs-1-1	91.10800005773089	8.129952227690621	0.7043168271104248	0.054844343094664225	0.0028865443734033803	0.0	0.0	0.0	0.0	0.0	0.0	0.0	0.0	0.0	0.0	0.0	0.0	0.0	0.0	0.0	0.0	0.0	0.0	0.0	0.0	0.0	0.0	0.0	0.0	0.0	0.0
Tzo-AMvi_046-Ex1-5H-lcwgs-1-1	90.71307404606675	8.395838868564654	0.8072921989004476	0.07766355331194179	0.006131333156205932	0.0	0.0	0.0	0.0	0.0	0.0	0.0	0.0	0.0	0.0	0.0	0.0	0.0	0.0	0.0	0.0	0.0	0.0	0.0	0.0	0.0	0.0	0.0	0.0	0.0	0.0
Tzo-AMvi_047-Ex1-6D-lcwgs-1-1	91.30873463585354	7.980170048460498	0.6638094348885469	0.043370489393807055	0.0036142074494839214	0.00030118395412366013	0.0	0.0	0.0	0.0	0.0	0.0	0.0	0.0	0.0	0.0	0.0	0.0	0.0	0.0	0.0	0.0	0.0	0.0	0.0	0.0	0.0	0.0	0.0	0.0	0.0
Tzo-AMvi_048-Ex1-6H-lcwgs-1-1	91.73245172968625	7.577433628318585	0.6410901045856798	0.04525341914722446	0.001257039420756235	0.00251407884151247	0.0	0.0	0.0	0.0	0.0	0.0	0.0	0.0	0.0	0.0	0.0	0.0	0.0	0.0	0.0	0.0	0.0	0.0	0.0	0.0	0.0	0.0	0.0	0.0	0.0
Tzo-CMal_001-Ex1-3F-lcwgs-1-1	90.71239479245308	8.406054152421957	0.8090225464759386	0.06659435794137719	0.005934150707647472	0.0	0.0	0.0	0.0	0.0	0.0	0.0	0.0	0.0	0.0	0.0	0.0	0.0	0.0	0.0	0.0	0.0	0.0	0.0	0.0	0.0	0.0	0.0	0.0	0.0	0.0
Tzo-CMal_002-Ex1-3G-lcwgs-1-1	90.36630529930645	8.695710726550402	0.8517944919534038	0.07676250757524745	0.007406908625681772	0.0020200659888223015	0.0	0.0	0.0	0.0	0.0	0.0	0.0	0.0	0.0	0.0	0.0	0.0	0.0	0.0	0.0	0.0	0.0	0.0	0.0	0.0	0.0	0.0	0.0	0.0	0.0
Tzo-CMal_003-Ex1-3H-lcwgs-1-1	90.53877121495785	8.52758709298484	0.8553283653316692	0.07280692094024938	0.004282760055308787	0.0012236457300882249	0.0	0.0	0.0	0.0	0.0	0.0	0.0	0.0	0.0	0.0	0.0	0.0	0.0	0.0	0.0	0.0	0.0	0.0	0.0	0.0	0.0	0.0	0.0	0.0	0.0
Tzo-CMal_004-Ex1-4A-lcwgs-1-1	89.94183069504675	8.968313866717791	0.9942413116122629	0.08517908234705986	0.009464342483006653	0.0009707017931288874	0.0	0.0	0.0	0.0	0.0	0.0	0.0	0.0	0.0	0.0	0.0	0.0	0.0	0.0	0.0	0.0	0.0	0.0	0.0	0.0	0.0	0.0	0.0	0.0	0.0
Tzo-CMal_005-Ex1-4B-lcwgs-1-1	91.10534175761057	8.086387133831131	0.7443997702469846	0.05927627800114876	0.004135554279149914	0.0004595060310166571	0.0	0.0	0.0	0.0	0.0	0.0	0.0	0.0	0.0	0.0	0.0	0.0	0.0	0.0	0.0	0.0	0.0	0.0	0.0	0.0	0.0	0.0	0.0	0.0	0.0
Tzo-CMal_006-Ex1-4C-lcwgs-1-1	90.86521377960075	8.281268016952701	0.7913928089855912	0.05624230786427484	0.005647763132814209	0.0	0.00023532346386725871	0.0	0.0	0.0	0.0	0.0	0.0	0.0	0.0	0.0	0.0	0.0	0.0	0.0	0.0	0.0	0.0	0.0	0.0	0.0	0.0	0.0	0.0	0.0	0.0
Tzo-CMal_007-Ex1-4D-lcwgs-1-1	91.25389332419563	7.960025981066554	0.7198494325591862	0.059838283203854196	0.005625821497798258	0.0005114383179816598	0.0002557191589908299	0.0	0.0	0.0	0.0	0.0	0.0	0.0	0.0	0.0	0.0	0.0	0.0	0.0	0.0	0.0	0.0	0.0	0.0	0.0	0.0	0.0	0.0	0.0	0.0
Tzo-CMal_008-Ex1-4E-lcwgs-1-1	90.79295222692213	8.317134237372482	0.8078813137596418	0.07386787758148794	0.007775566061209257	0.0003887783030604628	0.0	0.0	0.0	0.0	0.0	0.0	0.0	0.0	0.0	0.0	0.0	0.0	0.0	0.0	0.0	0.0	0.0	0.0	0.0	0.0	0.0	0.0	0.0	0.0	0.0
Tzo-CMal_009-Ex1-4F-lcwgs-1-1	91.1186619816245	8.086796896005044	0.7347419363810831	0.05609070933887132	0.0032449170691909034	0.0	0.00046355958131298614	0.0	0.0	0.0	0.0	0.0	0.0	0.0	0.0	0.0	0.0	0.0	0.0	0.0	0.0	0.0	0.0	0.0	0.0	0.0	0.0	0.0	0.0	0.0	0.0
Tzo-CMal_010-Ex1-4G-lcwgs-1-1	90.92626997609035	8.238284870883941	0.7598572582281402	0.06842693634305765	0.007160958454506033	0.0	0.0	0.0	0.0	0.0	0.0	0.0	0.0	0.0	0.0	0.0	0.0	0.0	0.0	0.0	0.0	0.0	0.0	0.0	0.0	0.0	0.0	0.0	0.0	0.0	0.0
Tzo-CMal_011-Ex1-4H-lcwgs-1-1	90.76494776900876	8.329374505146477	0.8167956478430771	0.08070901335785254	0.007662248103593594	0.000510816540239573	0.0	0.0	0.0	0.0	0.0	0.0	0.0	0.0	0.0	0.0	0.0	0.0	0.0	0.0	0.0	0.0	0.0	0.0	0.0	0.0	0.0	0.0	0.0	0.0	0.0
Tzo-CMal_012-Ex1-5A-lcwgs-1-1	89.92785384764133	9.025865799869244	0.9582270554977487	0.08022633725909079	0.007136345638541791	0.0006906140940524314	0.0	0.0	0.0	0.0	0.0	0.0	0.0	0.0	0.0	0.0	0.0	0.0	0.0	0.0	0.0	0.0	0.0	0.0	0.0	0.0	0.0	0.0	0.0	0.0	0.0
Tzo-CMal_013-Ex1-5B-lcwgs-1-1	90.86805193722515	8.219503553489924	0.8328296617411058	0.07252870928075697	0.006252474937996289	0.00041683166253308606	0.00041683166253308606	0.0	0.0	0.0	0.0	0.0	0.0	0.0	0.0	0.0	0.0	0.0	0.0	0.0	0.0	0.0	0.0	0.0	0.0	0.0	0.0	0.0	0.0	0.0	0.0
Tzo-CMal_014-Ex1-5C-lcwgs-1-1	90.77062182548592	8.340564803071402	0.813161072644412	0.0707976058272498	0.0038432986020507033	0.0010113943689607115	0.0	0.0	0.0	0.0	0.0	0.0	0.0	0.0	0.0	0.0	0.0	0.0	0.0	0.0	0.0	0.0	0.0	0.0	0.0	0.0	0.0	0.0	0.0	0.0	0.0
Tzo-CMal_015-Ex1-5D-lcwgs-1-1	91.2179966031523	7.986680194594033	0.7265686263579029	0.06280823419666781	0.00520304898670621	0.0003716463561933007	0.0003716463561933007	0.0	0.0	0.0	0.0	0.0	0.0	0.0	0.0	0.0	0.0	0.0	0.0	0.0	0.0	0.0	0.0	0.0	0.0	0.0	0.0	0.0	0.0	0.0	0.0
Tzo-CMal_016-Ex1-5E-lcwgs-1-1	91.22063654971933	7.988693244041305	0.724159877070564	0.06020331519589012	0.004013554346392675	0.0011467298132550499	0.0011467298132550499	0.0	0.0	0.0	0.0	0.0	0.0	0.0	0.0	0.0	0.0	0.0	0.0	0.0	0.0	0.0	0.0	0.0	0.0	0.0	0.0	0.0	0.0	0.0	0.0
Tzo-CMal_017-Ex1-5F-lcwgs-1-1	91.00371197373946	8.186858277033474	0.7421561891675255	0.061309591969159125	0.005009733195923508	0.0004771174472308103	0.0	0.00023855872361540516	0.00023855872361540516	0.0	0.0	0.0	0.0	0.0	0.0	0.0	0.0	0.0	0.0	0.0	0.0	0.0	0.0	0.0	0.0	0.0	0.0	0.0	0.0	0.0	0.0
Tzo-CMal_018-Ex1-5G-lcwgs-1-1	91.364462776064	7.8966357136780285	0.6853350894716775	0.049155068486244465	0.0034660625214659553	0.0006301931857210827	0.0	0.0003150965928605414	0.0	0.0	0.0	0.0	0.0	0.0	0.0	0.0	0.0	0.0	0.0	0.0	0.0	0.0	0.0	0.0	0.0	0.0	0.0	0.0	0.0	0.0	0.0
Tzo-CMal_019-Ex1-5H-lcwgs-1-1	91.14128699621632	8.017743239295976	0.7743986522746262	0.05977814157909396	0.0067929706339879495	0.0	0.0	0.0	0.0	0.0	0.0	0.0	0.0	0.0	0.0	0.0	0.0	0.0	0.0	0.0	0.0	0.0	0.0	0.0	0.0	0.0	0.0	0.0	0.0	0.0	0.0
Tzo-CMal_020-Ex1-6A-lcwgs-1-1	90.53278110855943	8.546053296619593	0.8411509017314212	0.07318069795022858	0.005837370848169984	0.0005694995949434131	0.0	0.0	0.00014237489873585328	0.0	0.0	0.0	0.00014237489873585328	0.0	0.00014237489873585328	0.0	0.0	0.0	0.0	0.0	0.0	0.0	0.0	0.0	0.0	0.0	0.0	0.0	0.0	0.0	0.0
Tzo-CMal_021-Ex1-6B-lcwgs-1-1	91.55093151611217	7.72216538527401	0.669163589421595	0.05378775571138149	0.003293127900696826	0.0004390837200929101	0.0	0.0	0.0	0.0	0.0	0.00021954186004645505	0.0	0.0	0.0	0.0	0.0	0.0	0.0	0.0	0.0	0.0	0.0	0.0	0.0	0.0	0.0	0.0	0.0	0.0	0.0
Tzo-CMal_022-Ex1-6C-lcwgs-1-1	90.80890096465731	8.310340227754608	0.8035300560259488	0.07143659519496749	0.004914556917589901	0.00017551988991392503	0.0	0.00017551988991392503	0.0	0.00017551988991392503	0.0	0.00035103977982785007	0.0	0.0	0.0	0.0	0.0	0.0	0.0	0.0	0.0	0.0	0.0	0.0	0.0	0.0	0.0	0.0	0.0	0.0	0.0
Tzo-CMal_023-Ex1-6D-lcwgs-1-1	91.6646289055407	7.621630128197368	0.6585398331860496	0.05156947958405462	0.0033895432590458434	0.0	0.0	0.00024211023278898882	0.0	0.0	0.0	0.0	0.0	0.0	0.0	0.0	0.0	0.0	0.0	0.0	0.0	0.0	0.0	0.0	0.0	0.0	0.0	0.0	0.0	0.0	0.0
Tzo-CMal_024-Ex1-6E-lcwgs-1-1	99.19959128065395	0.7663487738419619	0.017029972752043595	0.017029972752043595	0.0	0.0	0.0	0.0	0.0	0.0	0.0	0.0	0.0	0.0	0.0	0.0	0.0	0.0	0.0	0.0	0.0	0.0	0.0	0.0	0.0	0.0	0.0	0.0	0.0	0.0	0.0
Tzo-CMal_025-Ex1-6F-lcwgs-1-1	91.635375217172	7.6500588466065125	0.6585215490668609	0.0509069849987857	0.004670365596218872	0.0	0.0	0.0004670365596218872	0.0	0.0	0.0	0.0	0.0	0.0	0.0	0.0	0.0	0.0	0.0	0.0	0.0	0.0	0.0	0.0	0.0	0.0	0.0	0.0	0.0	0.0	0.0
Tzo-CMal_026-Ex1-6G-lcwgs-1-1	91.70481991544777	7.591430774233859	0.6438246546110926	0.05407834783339484	0.005480913631762991	0.00036539424211753273	0.0	0.0	0.0	0.0	0.0	0.0	0.0	0.0	0.0	0.0	0.0	0.0	0.0	0.0	0.0	0.0	0.0	0.0	0.0	0.0	0.0	0.0	0.0	0.0	0.0
Tzo-CMal_027-Ex1-6H-lcwgs-1-1	91.88231821312604	7.449407983207059	0.6248155072321164	0.04099839286299977	0.0016399357145199908	0.0	0.0008199678572599954	0.0	0.0	0.0	0.0	0.0	0.0	0.0	0.0	0.0	0.0	0.0	0.0	0.0	0.0	0.0	0.0	0.0	0.0	0.0	0.0	0.0	0.0	0.0	0.0
Tzo-CMal_028-Ex1-7A-lcwgs-1-1	90.57192915502975	8.481918276009903	0.862391550545314	0.0788047451360373	0.004460645951096452	0.0002478136639498029	0.0	0.0	0.0	0.0	0.0	0.0002478136639498029	0.0	0.0	0.0	0.0	0.0	0.0	0.0	0.0	0.0	0.0	0.0	0.0	0.0	0.0	0.0	0.0	0.0	0.0	0.0
Tzo-CMal_029-Ex1-7B-lcwgs-1-1	91.7210002636278	7.519099425726268	0.6998366594825829	0.054084464169721944	0.004620280858719965	0.0008153436809505821	0.00027178122698352737	0.0	0.00027178122698352737	0.0	0.0	0.0	0.0	0.0	0.0	0.0	0.0	0.0	0.0	0.0	0.0	0.0	0.0	0.0	0.0	0.0	0.0	0.0	0.0	0.0	0.0
Tzo-CMal_030-Ex1-7C-lcwgs-1-1	91.08473339175974	8.078561325089705	0.7695770655911944	0.060202290350851485	0.00586039994565811	0.001065527262846929	0.0	0.0	0.0	0.0	0.0	0.0	0.0	0.0	0.0	0.0	0.0	0.0	0.0	0.0	0.0	0.0	0.0	0.0	0.0	0.0	0.0	0.0	0.0	0.0	0.0
Tzo-CMal_031-Ex1-7D-lcwgs-1-1	91.62874846644822	7.616511111456214	0.68951594117373	0.05629493889087323	0.006600096283757552	0.0019412047893404565	0.0003882409578680912	0.0	0.0	0.0	0.0	0.0	0.0	0.0	0.0	0.0	0.0	0.0	0.0	0.0	0.0	0.0	0.0	0.0	0.0	0.0	0.0	0.0	0.0	0.0	0.0
Tzo-CMal_032-Ex1-7E-lcwgs-1-1	91.6461086441484	7.592911149337921	0.7005285078653883	0.05600672080649678	0.004000480057606913	0.0004444977841785459	0.0	0.0	0.0	0.0	0.0	0.0	0.0	0.0	0.0	0.0	0.0	0.0	0.0	0.0	0.0	0.0	0.0	0.0	0.0	0.0	0.0	0.0	0.0	0.0	0.0
Tzo-CMal_033-Ex1-7F-lcwgs-1-1	91.80802561876492	7.4792445375573795	0.6550252392661637	0.051986130100489185	0.0051986130100489195	0.0	0.0	0.0005198613010048918	0.0	0.0	0.0	0.0	0.0	0.0	0.0	0.0	0.0	0.0	0.0	0.0	0.0	0.0	0.0	0.0	0.0	0.0	0.0	0.0	0.0	0.0	0.0
Tzo-CMal_034-Ex1-7G-lcwgs-1-1	91.944264222862	7.373991322330806	0.632070881148372	0.04359109525161186	0.003548112404200965	0.0	0.0005068732006001379	0.0	0.0	0.0005068732006001379	0.0010137464012002757	0.0	0.0	0.0005068732006001379	0.0	0.0	0.0	0.0	0.0	0.0	0.0	0.0	0.0	0.0	0.0	0.0	0.0	0.0	0.0	0.0	0.0
Tzo-CMal_035-Ex1-7H-lcwgs-1-1	91.4314873785047	7.814245228886427	0.6863745669094747	0.06219858870526191	0.004380182303187459	0.0004380182303187458	0.0	0.0	0.0	0.0	0.0	0.0004380182303187458	0.0004380182303187458	0.0	0.0	0.0	0.0	0.0	0.0	0.0	0.0	0.0	0.0	0.0	0.0	0.0	0.0	0.0	0.0	0.0	0.0
Tzo-CMal_036-Ex1-8A-lcwgs-1-1	91.01428748731502	8.103056806815943	0.8045381206515153	0.07154694720857396	0.005475531674125558	0.0010951063348251114	0.0	0.0	0.0	0.0	0.0	0.0	0.0	0.0	0.0	0.0	0.0	0.0	0.0	0.0	0.0	0.0	0.0	0.0	0.0	0.0	0.0	0.0	0.0	0.0	0.0
Tzo-CMal_037-Ex1-8B-lcwgs-1-1	91.37723523077206	7.862004703920683	0.7000709061892725	0.05598932524689454	0.003678130855635407	0.0010217030154542799	0.0	0.0	0.0	0.0	0.0	0.0	0.0	0.0	0.0	0.0	0.0	0.0	0.0	0.0	0.0	0.0	0.0	0.0	0.0	0.0	0.0	0.0	0.0	0.0	0.0
Tzo-CMal_038-Ex1-8C-lcwgs-1-1	91.63881175978165	7.584787978470662	0.7203956870582271	0.04951983446226765	0.005305696549528677	0.0005895218388365196	0.0	0.0005895218388365196	0.0	0.0	0.0	0.0	0.0	0.0	0.0	0.0	0.0	0.0	0.0	0.0	0.0	0.0	0.0	0.0	0.0	0.0	0.0	0.0	0.0	0.0	0.0
Tzo-CMal_039-Ex1-8D-lcwgs-1-1	98.70434605182615	1.1936339522546418	0.09181799632728015	0.0	0.010201999591920016	0.0	0.0	0.0	0.0	0.0	0.0	0.0	0.0	0.0	0.0	0.0	0.0	0.0	0.0	0.0	0.0	0.0	0.0	0.0	0.0	0.0	0.0	0.0	0.0	0.0	0.0
Tzo-CMal_040-Ex1-8E-lcwgs-1-1	91.22656896537872	7.995677360779682	0.715485172061931	0.05664425000602598	0.004419054965009119	0.0008034645390925672	0.0004017322695462836	0.0	0.0	0.0	0.0	0.0	0.0	0.0	0.0	0.0	0.0	0.0	0.0	0.0	0.0	0.0	0.0	0.0	0.0	0.0	0.0	0.0	0.0	0.0	0.0
Tzo-CMal_041-Ex1-8F-lcwgs-1-1	99.48045200675412	0.44161579425899467	0.06494349915573451	0.0129886998311469	0.0	0.0	0.0	0.0	0.0	0.0	0.0	0.0	0.0	0.0	0.0	0.0	0.0	0.0	0.0	0.0	0.0	0.0	0.0	0.0	0.0	0.0	0.0	0.0	0.0	0.0	0.0
Tzo-CMal_042-Ex1-8G-lcwgs-1-1	91.98965077812247	7.319542952274297	0.6427501812830118	0.045481655017355974	0.0021453610857243384	0.00042907221714486764	0.0	0.0	0.0	0.0	0.0	0.0	0.0	0.0	0.0	0.0	0.0	0.0	0.0	0.0	0.0	0.0	0.0	0.0	0.0	0.0	0.0	0.0	0.0	0.0	0.0
Tzo-CMal_043-Ex1-8H-lcwgs-1-1	91.72306495527033	7.561260210035006	0.661221314663555	0.04926747050434332	0.00518604952677298	0.0	0.0	0.0	0.0	0.0	0.0	0.0	0.0	0.0	0.0	0.0	0.0	0.0	0.0	0.0	0.0	0.0	0.0	0.0	0.0	0.0	0.0	0.0	0.0	0.0	0.0
Tzo-CMal_044-Ex1-9A-lcwgs-1-1	89.17810171423918	9.567164786839854	1.128303269677104	0.11258601734598314	0.012215481086363451	0.0008143654057575633	0.0008143654057575633	0.0	0.0	0.0	0.0	0.0	0.0	0.0	0.0	0.0	0.0	0.0	0.0	0.0	0.0	0.0	0.0	0.0	0.0	0.0	0.0	0.0	0.0	0.0	0.0
Tzo-CMal_045-Ex1-9B-lcwgs-1-1	90.82935142179302	8.121428810104588	0.947305109098807	0.0918902663146991	0.008353660574063554	0.0016707321148127108	0.0	0.0	0.0	0.0	0.0	0.0	0.0	0.0	0.0	0.0	0.0	0.0	0.0	0.0	0.0	0.0	0.0	0.0	0.0	0.0	0.0	0.0	0.0	0.0	0.0
Tzo-CMal_046-Ex1-9C-lcwgs-1-1	89.4124806394067	9.372707298161668	1.089122237620121	0.11166109625034834	0.012891264083232068	0.0007583096519548276	0.0	0.0001895774129887069	0.0001895774129887069	0.0	0.0	0.0	0.0	0.0	0.0	0.0	0.0	0.0	0.0	0.0	0.0	0.0	0.0	0.0	0.0	0.0	0.0	0.0	0.0	0.0	0.0
Tzo-CMal_047-Ex1-9D-lcwgs-1-1	90.36579255052614	8.643728077501253	0.908635376649407	0.07850342408551862	0.0022270474917877622	0.0011135237458938811	0.0	0.0	0.0	0.0	0.0	0.0	0.0	0.0	0.0	0.0	0.0	0.0	0.0	0.0	0.0	0.0	0.0	0.0	0.0	0.0	0.0	0.0	0.0	0.0	0.0
Tzo-CMal_048-Ex1-9E-lcwgs-1-1	99.42972156994297	0.5031868500503187	0.06709158000670916	0.0	0.0	0.0	0.0	0.0	0.0	0.0	0.0	0.0	0.0	0.0	0.0	0.0	0.0	0.0	0.0	0.0	0.0	0.0	0.0	0.0	0.0	0.0	0.0	0.0	0.0	0.0	0.0
Tzo-CMal_049-Ex1-9F-lcwgs-1-1	90.52620632279535	8.444259567387686	0.9442595673876872	0.07695507487520799	0.008319467554076539	0.0	0.0	0.0	0.0	0.0	0.0	0.0	0.0	0.0	0.0	0.0	0.0	0.0	0.0	0.0	0.0	0.0	0.0	0.0	0.0	0.0	0.0	0.0	0.0	0.0	0.0
Tzo-CMal_050-Ex1-9G-lcwgs-1-1	93.98790864308106	5.553067622033139	0.3918495297805642	0.044782803403493054	0.022391401701746527	0.0	0.0	0.0	0.0	0.0	0.0	0.0	0.0	0.0	0.0	0.0	0.0	0.0	0.0	0.0	0.0	0.0	0.0	0.0	0.0	0.0	0.0	0.0	0.0	0.0	0.0
Tzo-CMal_051-Ex1-9H-lcwgs-1-1	90.20167427701674	8.68531202435312	1.0147133434804667	0.08878741755454084	0.009512937595129375	0.0	0.0	0.0	0.0	0.0	0.0	0.0	0.0	0.0	0.0	0.0	0.0	0.0	0.0	0.0	0.0	0.0	0.0	0.0	0.0	0.0	0.0	0.0	0.0	0.0	0.0
Tzo-CMal_052-Ex1-10A-lcwgs-1-1	91.45726451275203	7.780398683358443	0.6992561176521905	0.059725330586415507	0.0033553556509222197	0.0	0.0	0.0	0.0	0.0	0.0	0.0	0.0	0.0	0.0	0.0	0.0	0.0	0.0	0.0	0.0	0.0	0.0	0.0	0.0	0.0	0.0	0.0	0.0	0.0	0.0
Tzo-CMal_053-Ex1-10B-lcwgs-1-1	92.11866456602318	7.19426811968438	0.6301930456497722	0.0536056325137773	0.0032686361288888598	0.0	0.0	0.0	0.0	0.0	0.0	0.0	0.0	0.0	0.0	0.0	0.0	0.0	0.0	0.0	0.0	0.0	0.0	0.0	0.0	0.0	0.0	0.0	0.0	0.0	0.0
Tzo-CMal_054-Ex1-10C-lcwgs-1-1	92.12645110288116	7.196439158940341	0.622975330176925	0.04811947377918317	0.005155657904912483	0.0	0.0	0.0008592763174854138	0.0	0.0	0.0	0.0	0.0	0.0	0.0	0.0	0.0	0.0	0.0	0.0	0.0	0.0	0.0	0.0	0.0	0.0	0.0	0.0	0.0	0.0	0.0
Tzo-CMal_055-Ex1-10D-lcwgs-1-1	92.43501596442772	6.9224892754304514	0.5896064719594131	0.04701181171769407	0.005876476464711759	0.0	0.0	0.0	0.0	0.0	0.0	0.0	0.0	0.0	0.0	0.0	0.0	0.0	0.0	0.0	0.0	0.0	0.0	0.0	0.0	0.0	0.0	0.0	0.0	0.0	0.0
Tzo-CMal_056-Ex1-10E-lcwgs-1-1	92.12543794040074	7.231429358737157	0.6003227965200961	0.03887336141400622	0.0029524071960004726	0.0004920678660000787	0.0004920678660000787	0.0	0.0	0.0	0.0	0.0	0.0	0.0	0.0	0.0	0.0	0.0	0.0	0.0	0.0	0.0	0.0	0.0	0.0	0.0	0.0	0.0	0.0	0.0	0.0
Tzo-CMal_057-Ex1-10F-lcwgs-1-1	92.20027748306538	7.181914633151065	0.5549661307434913	0.054680486411491064	0.006529013302864605	0.0008161266628580756	0.0	0.0008161266628580756	0.0	0.0	0.0	0.0	0.0	0.0	0.0	0.0	0.0	0.0	0.0	0.0	0.0	0.0	0.0	0.0	0.0	0.0	0.0	0.0	0.0	0.0	0.0
Tzo-CMal_058-Ex1-10G-lcwgs-1-1	92.45721646492316	6.962016568858617	0.5387505079292244	0.038975793544392325	0.0024878166092165313	0.0002764240676907257	0.0	0.0	0.0	0.0	0.0	0.0	0.0	0.0	0.0	0.0	0.0	0.0	0.0	0.0	0.0	0.0	0.0	0.0	0.0	0.0	0.0002764240676907257	0.0	0.0	0.0	0.0
Tzo-CMal_059-Ex1-10H-lcwgs-1-1	93.64052815952574	5.847480463486931	0.4850444624090542	0.026946914578280787	0.0	0.0	0.0	0.0	0.0	0.0	0.0	0.0	0.0	0.0	0.0	0.0	0.0	0.0	0.0	0.0	0.0	0.0	0.0	0.0	0.0	0.0	0.0	0.0	0.0	0.0	0.0
Tzo-CMal_060-Ex1-11A-lcwgs-1-1	90.77287437327799	8.402126803051138	0.7538962634558981	0.06378317901637973	0.0062737553130865304	0.0010456258855144219	0.0	0.0	0.0	0.0	0.0	0.0	0.0	0.0	0.0	0.0	0.0	0.0	0.0	0.0	0.0	0.0	0.0	0.0	0.0	0.0	0.0	0.0	0.0	0.0	0.0
Tzo-CMal_061-Ex1-11B-lcwgs-1-1	90.69673014136794	8.388438654932962	0.8410812244153864	0.0687780705679577	0.003314605810503986	0.001657302905251993	0.0	0.0	0.0	0.0	0.0	0.0	0.0	0.0	0.0	0.0	0.0	0.0	0.0	0.0	0.0	0.0	0.0	0.0	0.0	0.0	0.0	0.0	0.0	0.0	0.0
Tzo-CMal_062-Ex1-11C-lcwgs-1-1	91.06005932251422	8.148973821264162	0.730510790777931	0.05415855862663971	0.005667756135346017	0.0006297506817051129	0.0	0.0	0.0	0.0	0.0	0.0	0.0	0.0	0.0	0.0	0.0	0.0	0.0	0.0	0.0	0.0	0.0	0.0	0.0	0.0	0.0	0.0	0.0	0.0	0.0
Tzo-CMal_063-Ex1-11D-lcwgs-1-1	91.3178828086237	7.8922517966036585	0.7330463035579955	0.050416940091870865	0.005601882232430097	0.0008002688903471567	0.0	0.0	0.0	0.0	0.0	0.0	0.0	0.0	0.0	0.0	0.0	0.0	0.0	0.0	0.0	0.0	0.0	0.0	0.0	0.0	0.0	0.0	0.0	0.0	0.0
Tzo-CMal_064-Ex1-11E-lcwgs-1-1	91.93175476361317	7.358686119748066	0.6378059475404608	0.07175316909830184	0.0	0.0	0.0	0.0	0.0	0.0	0.0	0.0	0.0	0.0	0.0	0.0	0.0	0.0	0.0	0.0	0.0	0.0	0.0	0.0	0.0	0.0	0.0	0.0	0.0	0.0	0.0
Tzo-CMta_001-Ex1-9A-lcwgs-1-1	90.333694030942	8.673705144327787	0.8838066270874155	0.09943555698534788	0.006434065451993098	0.0005849150410902817	0.0005849150410902817	0.0	0.0005849150410902817	0.0	0.0005849150410902817	0.0	0.0	0.0	0.0	0.0	0.0005849150410902817	0.0	0.0	0.0	0.0	0.0	0.0	0.0	0.0	0.0	0.0	0.0	0.0	0.0	0.0
Tzo-CMta_002-Ex1-9B-lcwgs-1-1	90.25407452120946	8.70224180326798	0.9438621522252099	0.08989163354525809	0.008100699534601746	0.0010452515528518382	0.0	0.0	0.0	0.0	0.0005226257764259191	0.0	0.0	0.0	0.0	0.00026131288821295954	0.0	0.0	0.0	0.0	0.0	0.0	0.0	0.0	0.0	0.0	0.0	0.0	0.0	0.0	0.0
Tzo-CMta_003-Ex1-9C-lcwgs-1-1	99.51259138911455	0.4061738424045491	0.0	0.0	0.0	0.0	0.08123476848090982	0.0	0.0	0.0	0.0	0.0	0.0	0.0	0.0	0.0	0.0	0.0	0.0	0.0	0.0	0.0	0.0	0.0	0.0	0.0	0.0	0.0	0.0	0.0	0.0
Tzo-CMta_004-Ex1-9D-lcwgs-1-1	99.44779116465864	0.4518072289156626	0.0502008032128514	0.0	0.0	0.0	0.0	0.0	0.0	0.0	0.0	0.0	0.0	0.0	0.0	0.0	0.0	0.0	0.0	0.0	0.0	0.0	0.0	0.0	0.0502008032128514	0.0	0.0	0.0	0.0	0.0	0.0
Tzo-CMta_005-Ex1-9E-lcwgs-1-1	91.72968431160726	7.454087144400432	0.6961949345816829	0.09602688752850798	0.024006721882126995	0.0	0.0	0.0	0.0	0.0	0.0	0.0	0.0	0.0	0.0	0.0	0.0	0.0	0.0	0.0	0.0	0.0	0.0	0.0	0.0	0.0	0.0	0.0	0.0	0.0	0.0
Tzo-CMta_006-Ex1-9F-lcwgs-1-1	91.37404580152672	7.84351145038168	0.7251908396946565	0.05725190839694657	0.0	0.0	0.0	0.0	0.0	0.0	0.0	0.0	0.0	0.0	0.0	0.0	0.0	0.0	0.0	0.0	0.0	0.0	0.0	0.0	0.0	0.0	0.0	0.0	0.0	0.0	0.0
Tzo-CMta_007-Ex1-9G-lcwgs-1-1	99.80724749421742	0.1927525057825752	0.0	0.0	0.0	0.0	0.0	0.0	0.0	0.0	0.0	0.0	0.0	0.0	0.0	0.0	0.0	0.0	0.0	0.0	0.0	0.0	0.0	0.0	0.0	0.0	0.0	0.0	0.0	0.0	0.0
Tzo-CMta_008-Ex1-9H-lcwgs-1-1	99.31140015302219	0.612088752869166	0.0	0.0	0.0	0.0	0.0	0.0	0.0	0.0	0.0	0.0	0.0	0.0	0.0	0.0	0.0	0.07651109410864575	0.0	0.0	0.0	0.0	0.0	0.0	0.0	0.0	0.0	0.0	0.0	0.0	0.0
Tzo-CMta_009-Ex1-10A-lcwgs-1-1	91.99011879463973	7.354692571748826	0.609985955477864	0.04236708577833674	0.002168394154009361	0.0	0.00033359910061682473	0.00016679955030841236	0.0	0.0	0.00016679955030841236	0.0	0.0	0.0	0.0	0.0	0.0	0.0	0.0	0.0	0.0	0.0	0.0	0.0	0.0	0.0	0.0	0.0	0.0	0.0	0.0
Tzo-CMta_010-Ex1-10B-lcwgs-1-1	92.9861435466293	6.507862369609217	0.4982095593959209	0.007784524365561264	0.0	0.0	0.0	0.0	0.0	0.0	0.0	0.0	0.0	0.0	0.0	0.0	0.0	0.0	0.0	0.0	0.0	0.0	0.0	0.0	0.0	0.0	0.0	0.0	0.0	0.0	0.0
Tzo-CMta_011-Ex1-10C-lcwgs-1-1	98.45626072041166	1.3722126929674099	0.17152658662092624	0.0	0.0	0.0	0.0	0.0	0.0	0.0	0.0	0.0	0.0	0.0	0.0	0.0	0.0	0.0	0.0	0.0	0.0	0.0	0.0	0.0	0.0	0.0	0.0	0.0	0.0	0.0	0.0
Tzo-CMta_012-Ex1-10D-lcwgs-1-1	92.50916310323764	6.9020033875715	0.5480507580385405	0.036964791469983896	0.0029502415727217196	0.00017354362192480703	0.0005206308657744211	0.0	0.0	0.0	0.0	0.0	0.0	0.0	0.0	0.0	0.00017354362192480703	0.0	0.0	0.0	0.0	0.0	0.0	0.0	0.0	0.0	0.0	0.0	0.0	0.0	0.0
Tzo-CMta_013-Ex1-10E-lcwgs-1-1	99.7229916897507	0.2770083102493075	0.0	0.0	0.0	0.0	0.0	0.0	0.0	0.0	0.0	0.0	0.0	0.0	0.0	0.0	0.0	0.0	0.0	0.0	0.0	0.0	0.0	0.0	0.0	0.0	0.0	0.0	0.0	0.0	0.0
Tzo-CMta_014-Ex1-10F-lcwgs-1-1	92.46456965088143	6.9305219495333565	0.5703422053231939	0.034566194262011754	0.0	0.0	0.0	0.0	0.0	0.0	0.0	0.0	0.0	0.0	0.0	0.0	0.0	0.0	0.0	0.0	0.0	0.0	0.0	0.0	0.0	0.0	0.0	0.0	0.0	0.0	0.0
Tzo-CMta_015-Ex1-10G-lcwgs-1-1	99.84520123839009	0.15479876160990713	0.0	0.0	0.0	0.0	0.0	0.0	0.0	0.0	0.0	0.0	0.0	0.0	0.0	0.0	0.0	0.0	0.0	0.0	0.0	0.0	0.0	0.0	0.0	0.0	0.0	0.0	0.0	0.0	0.0
Tzo-CMta_016-Ex1-10H-lcwgs-1-1	92.38982478158034	6.9701211565381085	0.584061398851185	0.049234927837042045	0.006757735193319496	0.0	0.0	0.0	0.0	0.0	0.0	0.0	0.0	0.0	0.0	0.0	0.0	0.0	0.0	0.0	0.0	0.0	0.0	0.0	0.0	0.0	0.0	0.0	0.0	0.0	0.0
Tzo-CMta_017-Ex1-11A-lcwgs-1-1	90.77162247784027	8.384663788242005	0.7764343677808042	0.06270698203053046	0.003919186376908154	0.0004354651529897949	0.00021773257649489744	0.0	0.0	0.0	0.0	0.0	0.0	0.0	0.0	0.0	0.0	0.0	0.0	0.0	0.0	0.0	0.0	0.0	0.0	0.0	0.0	0.0	0.0	0.0	0.0
Tzo-CMta_018-Ex1-11B-lcwgs-1-1	98.75886524822694	1.0638297872340425	0.1773049645390071	0.0	0.0	0.0	0.0	0.0	0.0	0.0	0.0	0.0	0.0	0.0	0.0	0.0	0.0	0.0	0.0	0.0	0.0	0.0	0.0	0.0	0.0	0.0	0.0	0.0	0.0	0.0	0.0
Tzo-CMta_019-Ex1-11C-lcwgs-1-1	93.36702463676563	6.0644346178142765	0.5685407454200885	0.0	0.0	0.0	0.0	0.0	0.0	0.0	0.0	0.0	0.0	0.0	0.0	0.0	0.0	0.0	0.0	0.0	0.0	0.0	0.0	0.0	0.0	0.0	0.0	0.0	0.0	0.0	0.0
Tzo-CMta_020-Ex1-11D-lcwgs-1-1	91.63663550145745	7.676637853548717	0.6350646405080518	0.04788185781608326	0.002520097779793856	0.0008400325932646187	0.0	0.00042001629663230937	0.0	0.0	0.0	0.0	0.0	0.0	0.0	0.0	0.0	0.0	0.0	0.0	0.0	0.0	0.0	0.0	0.0	0.0	0.0	0.0	0.0	0.0	0.0
Tzo-CMta_021-Ex1-11E-lcwgs-1-1	91.91716059836297	7.35958227490827	0.6456392887383573	0.07056167090036691	0.007056167090036692	0.0	0.0	0.0	0.0	0.0	0.0	0.0	0.0	0.0	0.0	0.0	0.0	0.0	0.0	0.0	0.0	0.0	0.0	0.0	0.0	0.0	0.0	0.0	0.0	0.0	0.0
Tzo-CMta_022-Ex1-11F-lcwgs-1-1	91.72211871173809	7.539260047910568	0.6637609795049242	0.061551770029278675	0.009981368112856001	0.001663561352142667	0.0	0.0	0.0	0.0	0.0	0.0	0.001663561352142667	0.0	0.0	0.0	0.0	0.0	0.0	0.0	0.0	0.0	0.0	0.0	0.0	0.0	0.0	0.0	0.0	0.0	0.0
Tzo-CMta_023-Ex1-11G-lcwgs-1-1	99.412915851272	0.3913894324853229	0.19569471624266144	0.0	0.0	0.0	0.0	0.0	0.0	0.0	0.0	0.0	0.0	0.0	0.0	0.0	0.0	0.0	0.0	0.0	0.0	0.0	0.0	0.0	0.0	0.0	0.0	0.0	0.0	0.0	0.0
Tzo-CMta_024-Ex1-11H-lcwgs-1-1	91.2372158150184	7.982251151877537	0.7240823612149194	0.05298163618645751	0.002522935056497977	0.0009461006461867412	0.0	0.0	0.0	0.0	0.0	0.0	0.0	0.0	0.0	0.0	0.0	0.0	0.0	0.0	0.0	0.0	0.0	0.0	0.0	0.0	0.0	0.0	0.0	0.0	0.0
Tzo-CMta_025-Ex1-12A-lcwgs-1-1	91.8996899402848	7.389756545705099	0.6545705098759761	0.051676619200734956	0.0028709232889297196	0.0	0.0	0.0	0.0	0.0	0.0014354616444648598	0.0	0.0	0.0	0.0	0.0	0.0	0.0	0.0	0.0	0.0	0.0	0.0	0.0	0.0	0.0	0.0	0.0	0.0	0.0	0.0
Tzo-CMta_026-Ex1-12B-lcwgs-1-1	92.78937381404174	6.658616525789202	0.5002587545282042	0.051750905640848714	0.0	0.0	0.0	0.0	0.0	0.0	0.0	0.0	0.0	0.0	0.0	0.0	0.0	0.0	0.0	0.0	0.0	0.0	0.0	0.0	0.0	0.0	0.0	0.0	0.0	0.0	0.0
Tzo-CMta_027-Ex1-12C-lcwgs-1-1	91.31210563026164	7.936868400136256	0.70290407522155	0.04541841716816169	0.0010813908849562307	0.0010813908849562307	0.0	0.0	0.0	0.0	0.0005406954424781153	0.0	0.0	0.0	0.0	0.0	0.0	0.0	0.0	0.0	0.0	0.0	0.0	0.0	0.0	0.0	0.0	0.0	0.0	0.0	0.0
Tzo-CMta_028-Ex1-12D-lcwgs-1-1	93.27146171693735	6.496519721577726	0.11600928074245939	0.11600928074245939	0.0	0.0	0.0	0.0	0.0	0.0	0.0	0.0	0.0	0.0	0.0	0.0	0.0	0.0	0.0	0.0	0.0	0.0	0.0	0.0	0.0	0.0	0.0	0.0	0.0	0.0	0.0
Tzo-CMta_029-Ex1-12E-lcwgs-1-1	91.5801162714743	7.62949898752368	0.7087334247828074	0.07511921092168006	0.003266052648768698	0.003266052648768698	0.0	0.0	0.0	0.0	0.0	0.0	0.0	0.0	0.0	0.0	0.0	0.0	0.0	0.0	0.0	0.0	0.0	0.0	0.0	0.0	0.0	0.0	0.0	0.0	0.0
Tzo-CMta_030-Ex1-12F-lcwgs-1-1	92.64200525571053	6.680816656559531	0.6367495451788963	0.04042854255104103	0.0	0.0	0.0	0.0	0.0	0.0	0.0	0.0	0.0	0.0	0.0	0.0	0.0	0.0	0.0	0.0	0.0	0.0	0.0	0.0	0.0	0.0	0.0	0.0	0.0	0.0	0.0
Tzo-CMta_031-Ex1-12G-lcwgs-1-1	92.40241246439939	6.868822248282794	0.7036354498240911	0.025129837493717538	0.0	0.0	0.0	0.0	0.0	0.0	0.0	0.0	0.0	0.0	0.0	0.0	0.0	0.0	0.0	0.0	0.0	0.0	0.0	0.0	0.0	0.0	0.0	0.0	0.0	0.0	0.0
Tzo-CMta_032-Ex1-12H-lcwgs-1-1	92.05556146132314	7.281811417029871	0.6236490556677652	0.038978065979235324	0.0	0.0	0.0	0.0	0.0	0.0	0.0	0.0	0.0	0.0	0.0	0.0	0.0	0.0	0.0	0.0	0.0	0.0	0.0	0.0	0.0	0.0	0.0	0.0	0.0	0.0	0.0
Tzo-CMta_033-Ex1-1A-lcwgs-1-1	91.2554709514959	7.863181245878051	0.8183943881527669	0.05695785119011931	0.005995563283170454	0.0	0.0	0.0	0.0	0.0	0.0	0.0	0.0	0.0	0.0	0.0	0.0	0.0	0.0	0.0	0.0	0.0	0.0	0.0	0.0	0.0	0.0	0.0	0.0	0.0	0.0
Tzo-CMta_034-Ex1-1B-lcwgs-1-1	91.14556923513783	8.004583899559863	0.7859562298440257	0.06084822424598908	0.003042411212299454	0.0	0.0	0.0	0.0	0.0	0.0	0.0	0.0	0.0	0.0	0.0	0.0	0.0	0.0	0.0	0.0	0.0	0.0	0.0	0.0	0.0	0.0	0.0	0.0	0.0	0.0
Tzo-CMta_035-Ex1-1C-lcwgs-1-1	92.03878191997815	7.210159770585825	0.6418134644271474	0.10924484500887614	0.0	0.0	0.0	0.0	0.0	0.0	0.0	0.0	0.0	0.0	0.0	0.0	0.0	0.0	0.0	0.0	0.0	0.0	0.0	0.0	0.0	0.0	0.0	0.0	0.0	0.0	0.0
Tzo-CMta_036-Ex1-1D-lcwgs-1-1	90.08949475115172	8.805981421342798	0.9704705082697681	0.1246129446416434	0.009440374594063893	0.0	0.0	0.0	0.0	0.0	0.0	0.0	0.0	0.0	0.0	0.0	0.0	0.0	0.0	0.0	0.0	0.0	0.0	0.0	0.0	0.0	0.0	0.0	0.0	0.0	0.0
Tzo-CMta_037-Ex1-1E-lcwgs-1-1	99.5609220636663	0.38419319429198684	0.054884742041712405	0.0	0.0	0.0	0.0	0.0	0.0	0.0	0.0	0.0	0.0	0.0	0.0	0.0	0.0	0.0	0.0	0.0	0.0	0.0	0.0	0.0	0.0	0.0	0.0	0.0	0.0	0.0	0.0
Tzo-CMta_038-Ex1-1F-lcwgs-1-1	99.22992299229924	0.5867253392005867	0.14668133480014667	0.0	0.0	0.0	0.0	0.0	0.03667033370003667	0.0	0.0	0.0	0.0	0.0	0.0	0.0	0.0	0.0	0.0	0.0	0.0	0.0	0.0	0.0	0.0	0.0	0.0	0.0	0.0	0.0	0.0
Tzo-CMta_039-Ex1-1G-lcwgs-1-1	90.19578530887637	8.795887960374529	0.9231160211083371	0.07798524010982714	0.006478007165672542	0.0007474623652699087	0.0	0.0	0.0	0.0	0.0	0.0	0.0	0.0	0.0	0.0	0.0	0.0	0.0	0.0	0.0	0.0	0.0	0.0	0.0	0.0	0.0	0.0	0.0	0.0	0.0
Tzo-CMta_040-Ex1-1H-lcwgs-1-1	90.98487522741466	8.132620088522009	0.8105466098243136	0.06516957666929155	0.006788497569717871	0.0	0.0	0.0	0.0	0.0	0.0	0.0	0.0	0.0	0.0	0.0	0.0	0.0	0.0	0.0	0.0	0.0	0.0	0.0	0.0	0.0	0.0	0.0	0.0	0.0	0.0
Tzo-CMta_041-Ex1-2A-lcwgs-1-1	92.95906939778187	6.4015028358802075	0.5888515588309671	0.05057620750695423	0.0	0.0	0.0	0.0	0.0	0.0	0.0	0.0	0.0	0.0	0.0	0.0	0.0	0.0	0.0	0.0	0.0	0.0	0.0	0.0	0.0	0.0	0.0	0.0	0.0	0.0	0.0
Tzo-CMta_042-Ex1-2B-lcwgs-1-1	91.54626943299932	7.694533161047046	0.702960561068175	0.05184842057358331	0.0039008216105517225	0.0004876027013189653	0.0	0.0	0.0	0.0	0.0	0.0	0.0	0.0	0.0	0.0	0.0	0.0	0.0	0.0	0.0	0.0	0.0	0.0	0.0	0.0	0.0	0.0	0.0	0.0	0.0
Tzo-CMta_043-Ex1-2C-lcwgs-1-1	91.75922392496334	7.549057020627046	0.6407037699090161	0.0465966378115648	0.003615256381931752	0.0008033903070959449	0.0	0.0	0.0	0.0	0.0	0.0	0.0	0.0	0.0	0.0	0.0	0.0	0.0	0.0	0.0	0.0	0.0	0.0	0.0	0.0	0.0	0.0	0.0	0.0	0.0
Tzo-CMta_044-Ex1-2D-lcwgs-1-1	91.65316115612949	7.632274559084803	0.6575811413961953	0.052974823417255276	0.0034666551111496293	0.00043333188889370367	0.0	0.0	0.00010833297222342592	0.0	0.0	0.0	0.0	0.0	0.0	0.0	0.0	0.0	0.0	0.0	0.0	0.0	0.0	0.0	0.0	0.0	0.0	0.0	0.0	0.0	0.0
Tzo-CMta_045-Ex1-2E-lcwgs-1-1	91.31787350403067	7.881908685204257	0.7372420895628397	0.05753045207571292	0.005445269126507807	0.0	0.0	0.0	0.0	0.0	0.0	0.0	0.0	0.0	0.0	0.0	0.0	0.0	0.0	0.0	0.0	0.0	0.0	0.0	0.0	0.0	0.0	0.0	0.0	0.0	0.0
Tzo-CMta_046-Ex1-2F-lcwgs-1-1	97.09704174730439	2.674868675698092	0.20735416090682887	0.020735416090682884	0.0	0.0	0.0	0.0	0.0	0.0	0.0	0.0	0.0	0.0	0.0	0.0	0.0	0.0	0.0	0.0	0.0	0.0	0.0	0.0	0.0	0.0	0.0	0.0	0.0	0.0	0.0
Tzo-CMta_047-Ex1-2G-lcwgs-1-1	99.4521764880071	0.5034053893988748	0.03701510216168197	0.007403020432336393	0.0	0.0	0.0	0.0	0.0	0.0	0.0	0.0	0.0	0.0	0.0	0.0	0.0	0.0	0.0	0.0	0.0	0.0	0.0	0.0	0.0	0.0	0.0	0.0	0.0	0.0	0.0
Tzo-CMta_048-Ex1-2H-lcwgs-1-1	91.59576391096483	7.7073632901371925	0.6413972361949998	0.051112316198240984	0.0037399255754810476	0.0	0.0006233209292468414	0.0	0.0	0.0	0.0	0.0	0.0	0.0	0.0	0.0	0.0	0.0	0.0	0.0	0.0	0.0	0.0	0.0	0.0	0.0	0.0	0.0	0.0	0.0	0.0
Tzo-CMta_049-Ex1-3A-lcwgs-1-1	99.12299465240642	0.8342245989304813	0.0213903743315508	0.0	0.0	0.0	0.0	0.0	0.0	0.0213903743315508	0.0	0.0	0.0	0.0	0.0	0.0	0.0	0.0	0.0	0.0	0.0	0.0	0.0	0.0	0.0	0.0	0.0	0.0	0.0	0.0	0.0
Tzo-CMta_050-Ex1-3B-lcwgs-1-1	99.46949602122017	0.5083996463306808	0.022104332449160033	0.0	0.0	0.0	0.0	0.0	0.0	0.0	0.0	0.0	0.0	0.0	0.0	0.0	0.0	0.0	0.0	0.0	0.0	0.0	0.0	0.0	0.0	0.0	0.0	0.0	0.0	0.0	0.0
Tzo-CMta_051-Ex1-3C-lcwgs-1-1	90.69706828680819	8.418564521057647	0.8115686732694625	0.06650728883935794	0.00509290049670759	0.0008987471464778099	0.0	0.0	0.00029958238215927	0.0	0.0	0.0	0.0	0.0	0.0	0.0	0.0	0.0	0.0	0.0	0.0	0.0	0.0	0.0	0.0	0.0	0.0	0.0	0.0	0.0	0.0
Tzo-CMta_052-Ex1-3D-lcwgs-1-1	99.34495509772847	0.6233491811938722	0.03169572107765452	0.0	0.0	0.0	0.0	0.0	0.0	0.0	0.0	0.0	0.0	0.0	0.0	0.0	0.0	0.0	0.0	0.0	0.0	0.0	0.0	0.0	0.0	0.0	0.0	0.0	0.0	0.0	0.0
Tzo-CMta_053-Ex1-3E-lcwgs-1-1	90.2209726792875	8.817034621549954	0.8791966082566379	0.07640411283838783	0.005792730123694763	0.0005992479438304927	0.0	0.0	0.0	0.0	0.0	0.0	0.0	0.0	0.0	0.0	0.0	0.0	0.0	0.0	0.0	0.0	0.0	0.0	0.0	0.0	0.0	0.0	0.0	0.0	0.0
Tzo-CMta_054-Ex1-3F-lcwgs-1-1	99.39161784587652	0.540784136998648	0.067598017124831	0.0	0.0	0.0	0.0	0.0	0.0	0.0	0.0	0.0	0.0	0.0	0.0	0.0	0.0	0.0	0.0	0.0	0.0	0.0	0.0	0.0	0.0	0.0	0.0	0.0	0.0	0.0	0.0
Tzo-CMta_055-Ex1-3G-lcwgs-1-1	90.44970308504915	8.617699412816673	0.853254017542803	0.07207379359477911	0.006646574625455134	0.0	0.00020770545704547292	0.00020770545704547292	0.0	0.00020770545704547292	0.0	0.0	0.0	0.0	0.0	0.0	0.0	0.0	0.0	0.0	0.0	0.0	0.0	0.0	0.0	0.0	0.0	0.0	0.0	0.0	0.0
Tzo-CMta_056-Ex1-3H-lcwgs-1-1	91.82530120481928	7.43222891566265	0.7018072289156627	0.03313253012048192	0.007530120481927712	0.0	0.0	0.0	0.0	0.0	0.0	0.0	0.0	0.0	0.0	0.0	0.0	0.0	0.0	0.0	0.0	0.0	0.0	0.0	0.0	0.0	0.0	0.0	0.0	0.0	0.0
Tzo-CMta_057-Ex1-4A-lcwgs-1-1	99.41340372488635	0.5279366476022878	0.058659627511365296	0.0	0.0	0.0	0.0	0.0	0.0	0.0	0.0	0.0	0.0	0.0	0.0	0.0	0.0	0.0	0.0	0.0	0.0	0.0	0.0	0.0	0.0	0.0	0.0	0.0	0.0	0.0	0.0
Tzo-CMta_058-Ex1-4B-lcwgs-1-1	91.82784914004354	7.465493463419081	0.646249586833377	0.05584872972634122	0.003419309983245381	0.001139769994415127	0.0	0.0	0.0	0.0	0.0	0.0	0.0	0.0	0.0	0.0	0.0	0.0	0.0	0.0	0.0	0.0	0.0	0.0	0.0	0.0	0.0	0.0	0.0	0.0	0.0
Tzo-CMta_059-Ex1-4C-lcwgs-1-1	91.4618060588491	7.779388317147412	0.7026380634874619	0.05181910421800261	0.003986084939846354	0.0003623713581678504	0.0	0.0	0.0	0.0	0.0	0.0	0.0	0.0	0.0	0.0	0.0	0.0	0.0	0.0	0.0	0.0	0.0	0.0	0.0	0.0	0.0	0.0	0.0	0.0	0.0
Tzo-CMta_060-Ex1-4D-lcwgs-1-1	91.40076222761802	7.831290847549277	0.7053811744683212	0.058059629839530114	0.00398618354122147	0.00017331232787919437	0.00034662465575838875	0.0	0.0	0.0	0.0	0.0	0.0	0.0	0.0	0.0	0.0	0.0	0.0	0.0	0.0	0.0	0.0	0.0	0.0	0.0	0.0	0.0	0.0	0.0	0.0
Tzo-CMta_061-Ex1-4E-lcwgs-1-1	93.2919908542102	6.099386442518053	0.5642096951951705	0.042768081851528965	0.0016449262250588061	0.0	0.0	0.0	0.0	0.0	0.0	0.0	0.0	0.0	0.0	0.0	0.0	0.0	0.0	0.0	0.0	0.0	0.0	0.0	0.0	0.0	0.0	0.0	0.0	0.0	0.0
Tzo-CMta_062-Ex1-4F-lcwgs-1-1	91.04920332698667	8.098506864415272	0.7871530213448241	0.06112836957610983	0.003507365467481712	0.0	0.0	0.0	0.0	0.0	0.0	0.0005010522096402445	0.0	0.0	0.0	0.0	0.0	0.0	0.0	0.0	0.0	0.0	0.0	0.0	0.0	0.0	0.0	0.0	0.0	0.0	0.0
Tzo-CMta_063-Ex1-4G-lcwgs-1-1	91.51534160943828	7.723630920936785	0.6971958091213242	0.05832893114985033	0.004952456418383518	0.0005502729353759465	0.0	0.0	0.0	0.0	0.0	0.0	0.0	0.0	0.0	0.0	0.0	0.0	0.0	0.0	0.0	0.0	0.0	0.0	0.0	0.0	0.0	0.0	0.0	0.0	0.0
Tzo-CMta_064-Ex1-4H-lcwgs-1-1	93.07181766952601	6.370922296662701	0.5040385699079583	0.05322146390332478	0.0	0.0	0.0	0.0	0.0	0.0	0.0	0.0	0.0	0.0	0.0	0.0	0.0	0.0	0.0	0.0	0.0	0.0	0.0	0.0	0.0	0.0	0.0	0.0	0.0	0.0	0.0
Tzo-CMvi_006-Ex1-7B-lcwgs-1-1	89.56744218395693	9.322241317705123	1.002167753197874	0.09689320563605214	0.01045915699194645	0.0006371060096617126	5.309216747180939e-05	5.309216747180939e-05	0.0	5.309216747180939e-05	0.0	0.0	0.0	0.0	0.0	0.0	0.0	0.0	0.0	0.0	0.0	0.0	0.0	0.0	0.0	0.0	0.0	0.0	0.0	0.0	0.0
Tzo-CMvi_007-Ex1-8E-lcwgs-1-1	90.0192772743311	8.954752909520163	0.9268582345803321	0.0895016308229847	0.008175629738638026	0.0010040247047450206	0.0001434321006778601	0.0	0.0	0.0	0.0001434321006778601	0.0	0.0	0.0	0.0	0.0	0.0001434321006778601	0.0	0.0	0.0	0.0	0.0	0.0	0.0	0.0	0.0	0.0	0.0	0.0	0.0	0.0
Tzo-CMvi_011-Ex1-5G-lcwgs-1-1	89.10626359106234	9.705647956674508	1.0686944877317517	0.10806190710379276	0.010295137140114595	0.0007406573482096831	0.0002962629392838732	0.0	0.0	0.0	0.0	0.0	0.0	0.0	0.0	0.0	0.0	0.0	0.0	0.0	0.0	0.0	0.0	0.0	0.0	0.0	0.0	0.0	0.0	0.0	0.0
Tzo-CMvi_012-Ex1-1G-lcwgs-1-1	90.68656063247047	8.464482248427501	0.7798193252449179	0.06329516339030662	0.005097981485735103	0.0004009648359566935	0.00011456138170191242	0.0	5.728069085095621e-05	5.728069085095621e-05	5.728069085095621e-05	0.0	0.0	5.728069085095621e-05	0.0	0.0	0.0	0.0	0.0	0.0	0.0	0.0	0.0	0.0	0.0	0.0	0.0	0.0	0.0	0.0	0.0
Tzo-CMvi_013-Ex1-2B-lcwgs-1-1	90.25651921646822	8.795761765059543	0.8644813170469178	0.07740055546280979	0.005370174285504148	0.00046697167700036077	0.0	0.0	0.0	0.0	0.0	0.0	0.0	0.0	0.0	0.0	0.0	0.0	0.0	0.0	0.0	0.0	0.0	0.0	0.0	0.0	0.0	0.0	0.0	0.0	0.0
Tzo-CMvi_015-Ex1-2F-lcwgs-1-1	89.51721613886572	9.373231160222502	1.0080539750447255	0.09286053643156394	0.008183547886257777	0.0004546415492365432	0.0	0.0	0.0	0.0	0.0	0.0	0.0	0.0	0.0	0.0	0.0	0.0	0.0	0.0	0.0	0.0	0.0	0.0	0.0	0.0	0.0	0.0	0.0	0.0	0.0
Tzo-CMvi_016-Ex1-1D-lcwgs-1-1	91.1674388012621	8.06203081952652	0.7099078926593598	0.0566541622234099	0.003715027031043272	0.0002532972975711322	0.0	0.0	0.0	0.0	0.0	0.0	0.0	0.0	0.0	0.0	0.0	0.0	0.0	0.0	0.0	0.0	0.0	0.0	0.0	0.0	0.0	0.0	0.0	0.0	0.0
Tzo-CMvi_018-Ex1-1F-lcwgs-2-1	90.85150284535214	8.25743537173573	0.8062926309979103	0.0795121502451077	0.0032856260431862686	0.0006571252086372537	0.0006571252086372537	0.0	0.0006571252086372537	0.0	0.0	0.0	0.0	0.0	0.0	0.0	0.0	0.0	0.0	0.0	0.0	0.0	0.0	0.0	0.0	0.0	0.0	0.0	0.0	0.0	0.0
Tzo-CMvi_019-Ex1-1G-lcwgs-2-1	99.57737975447776	0.42262024552223787	0.0	0.0	0.0	0.0	0.0	0.0	0.0	0.0	0.0	0.0	0.0	0.0	0.0	0.0	0.0	0.0	0.0	0.0	0.0	0.0	0.0	0.0	0.0	0.0	0.0	0.0	0.0	0.0	0.0
Tzo-CMvi_020-Ex1-7D-lcwgs-1-1	90.41467779523157	8.665149503377156	0.8338827733096745	0.0787699431519523	0.006608471604840743	0.0008355538810718182	7.595944373380165e-05	0.0	0.0	0.0	0.0	0.0	0.0	0.0	0.0	0.0	0.0	0.0	0.0	0.0	0.0	0.0	0.0	0.0	0.0	0.0	0.0	0.0	0.0	0.0	0.0
Tzo-CMvi_027-Ex1-1H-lcwgs-2-1	99.22178988326849	0.7074637424831978	0.07074637424831977	0.0	0.0	0.0	0.0	0.0	0.0	0.0	0.0	0.0	0.0	0.0	0.0	0.0	0.0	0.0	0.0	0.0	0.0	0.0	0.0	0.0	0.0	0.0	0.0	0.0	0.0	0.0	0.0
Tzo-CMvi_028-Ex1-2A-lcwgs-2-1	92.14411892144119	7.0559610705596105	0.72326100723261	0.071659500716595	0.0016665000166650003	0.0016665000166650003	0.0	0.0	0.0016665000166650003	0.0	0.0	0.0	0.0	0.0	0.0	0.0	0.0	0.0	0.0	0.0	0.0	0.0	0.0	0.0	0.0	0.0	0.0	0.0	0.0	0.0	0.0
Tzo-CMvi_029-Ex1-3C-lcwgs-1-1	89.581824965463	9.307243190916516	1.0054553338240781	0.09539271344875919	0.008974578749407576	0.0010083796347648962	0.00010083796347648964	0.0	0.0	0.0	0.0	0.0	0.0	0.0	0.0	0.0	0.0	0.0	0.0	0.0	0.0	0.0	0.0	0.0	0.0	0.0	0.0	0.0	0.0	0.0	0.0
Tzo-CMvi_030-Ex1-2H-lcwgs-1-1	89.40651459131418	9.466134536410435	1.018433241233866	0.09841740190516869	0.009788349194908279	0.0006228949487668905	8.898499268098436e-05	0.0	0.0	0.0	0.0	0.0	0.0	0.0	0.0	0.0	0.0	0.0	0.0	0.0	0.0	0.0	0.0	0.0	0.0	0.0	0.0	0.0	0.0	0.0	0.0
Tzo-CMvi_031-Ex1-2B-lcwgs-2-1	91.29596288265039	7.9138726560007076	0.7271609280269064	0.05624899555365083	0.005822877386506297	0.00034937264319037783	0.0002329150954602519	0.0	0.0	0.0	0.0	0.00011645754773012594	0.0	0.0	0.0	0.00011645754773012594	0.0	0.00011645754773012594	0.0	0.0	0.0	0.0	0.0	0.0	0.0	0.0	0.0	0.0	0.0	0.0	0.0
Tzo-CMvi_032-Ex1-2C-lcwgs-2-1	91.41638236922887	7.74405710105492	0.7609371902069503	0.07383757101738601	0.0034184060656197233	0.0	0.0013673624262478892	0.0	0.0	0.0	0.0	0.0	0.0	0.0	0.0	0.0	0.0	0.0	0.0	0.0	0.0	0.0	0.0	0.0	0.0	0.0	0.0	0.0	0.0	0.0	0.0
Tzo-CMvi_033-Ex1-2D-lcwgs-2-1	95.10314648885185	4.5321942071264845	0.3438216295061471	0.02083767451552407	0.0	0.0	0.0	0.0	0.0	0.0	0.0	0.0	0.0	0.0	0.0	0.0	0.0	0.0	0.0	0.0	0.0	0.0	0.0	0.0	0.0	0.0	0.0	0.0	0.0	0.0	0.0
Tzo-CMvi_034-Ex1-2E-lcwgs-2-1	99.51089373054691	0.4668741662961316	0.022232103156958647	0.0	0.0	0.0	0.0	0.0	0.0	0.0	0.0	0.0	0.0	0.0	0.0	0.0	0.0	0.0	0.0	0.0	0.0	0.0	0.0	0.0	0.0	0.0	0.0	0.0	0.0	0.0	0.0
Tzo-CMvi_035-Ex1-2F-lcwgs-2-1	91.95984363894812	7.292407012556266	0.6722340677564559	0.06218905472636816	0.008884150675195452	0.001480691779199242	0.001480691779199242	0.0	0.0	0.0	0.0	0.0	0.0	0.001480691779199242	0.0	0.0	0.0	0.0	0.0	0.0	0.0	0.0	0.0	0.0	0.0	0.0	0.0	0.0	0.0	0.0	0.0
Tzo-CMvi_038-Ex1-6B-lcwgs-1-1	89.12727605453381	9.64736023423918	1.108976118583585	0.10522463171378901	0.010247964132125538	0.000731997438008967	0.00018299935950224174	0.0	0.0	0.0	0.0	0.0	0.0	0.0	0.0	0.0	0.0	0.0	0.0	0.0	0.0	0.0	0.0	0.0	0.0	0.0	0.0	0.0	0.0	0.0	0.0
Tzo-CMvi_040-Ex1-2G-lcwgs-2-1	99.4786875191659	0.5213124808341	0.0	0.0	0.0	0.0	0.0	0.0	0.0	0.0	0.0	0.0	0.0	0.0	0.0	0.0	0.0	0.0	0.0	0.0	0.0	0.0	0.0	0.0	0.0	0.0	0.0	0.0	0.0	0.0	0.0
Tzo-CMvi_041-Ex1-4D-lcwgs-1-1	91.15631709821693	8.05407744990707	0.7261247040252565	0.0577097707733958	0.005601242457417827	0.00016973461992175233	0.0	0.0	0.0	0.0	0.0	0.0	0.0	0.0	0.0	0.0	0.0	0.0	0.0	0.0	0.0	0.0	0.0	0.0	0.0	0.0	0.0	0.0	0.0	0.0	0.0
Tzo-CMvi_042-Ex1-2H-lcwgs-2-1	91.62331018568909	7.5777695539543295	0.7292596382001437	0.06312993882926617	0.0065306833271654655	0.0	0.0	0.0	0.0	0.0	0.0	0.0	0.0	0.0	0.0	0.0	0.0	0.0	0.0	0.0	0.0	0.0	0.0	0.0	0.0	0.0	0.0	0.0	0.0	0.0	0.0
Tzo-CMvi_044-Ex1-3A-lcwgs-2-1	91.00023335609275	8.117334900564375	0.806374942741329	0.06654970052634764	0.008642818250175016	0.0008642818250175017	0.0	0.0	0.0	0.0	0.0	0.0	0.0	0.0	0.0	0.0	0.0	0.0	0.0	0.0	0.0	0.0	0.0	0.0	0.0	0.0	0.0	0.0	0.0	0.0	0.0
Tzo-CMvi_045-Ex1-8B-lcwgs-1-1	89.75273083523967	9.16826226793483	0.9791237933745389	0.08967503610040485	0.008648501505335488	0.0013468977754211005	0.00014177871320222111	7.088935660111056e-05	0.0	0.0	0.0	0.0	0.0	0.0	0.0	0.0	0.0	0.0	0.0	0.0	0.0	0.0	0.0	0.0	0.0	0.0	0.0	0.0	0.0	0.0	0.0
Tzo-CMvi_046-Ex1-6E-lcwgs-1-1	88.29747687638387	10.281993920345247	1.266292127315348	0.1378004111077452	0.014238738734434144	0.0019112400985817643	0.00019112400985817643	0.0	0.0	9.556200492908822e-05	0.0	0.0	0.0	0.0	0.0	0.0	0.0	0.0	0.0	0.0	0.0	0.0	0.0	0.0	0.0	0.0	0.0	0.0	0.0	0.0	0.0
Tzo-CMvi_047-Ex1-1F-lcwgs-1-1	90.23294963577834	8.819111451379655	0.8738409602736477	0.06760598693547881	0.005820382981200163	0.0005596522097307848	0.0	0.0	0.0	0.00011193044194615696	0.0	0.0	0.0	0.0	0.0	0.0	0.0	0.0	0.0	0.0	0.0	0.0	0.0	0.0	0.0	0.0	0.0	0.0	0.0	0.0	0.0
Tzo-CMvi_048-Ex1-2A-lcwgs-1-1	90.28930349682366	8.795218116742754	0.834914527468754	0.07385020405108542	0.006053295414023394	0.00044023966647442874	0.00022011983323721437	0.0	0.0	0.0	0.0	0.0	0.0	0.0	0.0	0.0	0.0	0.0	0.0	0.0	0.0	0.0	0.0	0.0	0.0	0.0	0.0	0.0	0.0	0.0	0.0
Tzo-CMvi_049-Ex1-5B-lcwgs-1-1	89.83699903342455	9.09858279495695	0.9632833014214189	0.09165347611610493	0.008954649965366575	0.00039505808670734887	0.00013168602890244963	0.0	0.0	0.0	0.0	0.0	0.0	0.0	0.0	0.0	0.0	0.0	0.0	0.0	0.0	0.0	0.0	0.0	0.0	0.0	0.0	0.0	0.0	0.0	0.0
Tzo-CMvi_050-Ex1-3B-lcwgs-2-1	92.9578794937984	6.396776427627023	0.5823836806648618	0.05981237801422905	0.0031480198954857395	0.0	0.0	0.0	0.0	0.0	0.0	0.0	0.0	0.0	0.0	0.0	0.0	0.0	0.0	0.0	0.0	0.0	0.0	0.0	0.0	0.0	0.0	0.0	0.0	0.0	0.0
Tzo-CMvi_051-Ex1-6H-lcwgs-1-1	88.96096263123793	9.764932883019776	1.1405012700906552	0.11955480885565692	0.013188300257458558	0.0008601065385299059	0.0	0.0	0.0	0.0	0.0	0.0	0.0	0.0	0.0	0.0	0.0	0.0	0.0	0.0	0.0	0.0	0.0	0.0	0.0	0.0	0.0	0.0	0.0	0.0	0.0
Tzo-CMvi_052-Ex1-7E-lcwgs-1-1	90.67429158679938	8.427057111844992	0.8217188979469295	0.07130320315928039	0.005629200249416873	0.0	0.0	0.0	0.0	0.0	0.0	0.0	0.0	0.0	0.0	0.0	0.0	0.0	0.0	0.0	0.0	0.0	0.0	0.0	0.0	0.0	0.0	0.0	0.0	0.0	0.0
Tzo-CMvi_053-Ex1-3C-lcwgs-2-1	94.25912782903556	5.2046368582919325	0.4889204321425755	0.03942906710827222	0.007885813421654444	0.0	0.0	0.0	0.0	0.0	0.0	0.0	0.0	0.0	0.0	0.0	0.0	0.0	0.0	0.0	0.0	0.0	0.0	0.0	0.0	0.0	0.0	0.0	0.0	0.0	0.0
Tzo-CMvi_054-Ex1-3D-lcwgs-2-1	91.52040054950035	7.713925092222618	0.7098875197868942	0.04881348367886307	0.005578683849012922	0.0	0.0	0.0006973354811266152	0.0	0.0	0.0	0.0	0.0	0.0006973354811266152	0.0	0.0	0.0	0.0	0.0	0.0	0.0	0.0	0.0	0.0	0.0	0.0	0.0	0.0	0.0	0.0	0.0
Tzo-CMvi_057-Ex1-1H-lcwgs-1-1	90.77004184824732	8.385517962222481	0.7776875794244588	0.06006423463345735	0.0060326523867664595	0.0006557230855180933	0.0	0.0	0.0	0.0	0.0	0.0	0.0	0.0	0.0	0.0	0.0	0.0	0.0	0.0	0.0	0.0	0.0	0.0	0.0	0.0	0.0	0.0	0.0	0.0	0.0
Tzo-CMvi_058-Ex1-3E-lcwgs-2-1	90.87718490201046	8.21223775418557	0.8336595813278678	0.06724546899108767	0.006908781060728186	0.0013817562121456373	0.0	0.0004605854040485457	0.0	0.0	0.0	0.0	0.0	0.0	0.0004605854040485457	0.0	0.0	0.0	0.0	0.0004605854040485457	0.0	0.0	0.0	0.0	0.0	0.0	0.0	0.0	0.0	0.0	0.0
Tzo-CMvi_061-Ex1-3F-lcwgs-2-1	90.53152121238821	8.438697739988546	0.9372659588528129	0.08040001762192167	0.011013701044098859	0.0	0.0	0.0	0.0011013701044098859	0.0	0.0	0.0	0.0	0.0	0.0	0.0	0.0	0.0	0.0	0.0	0.0	0.0	0.0	0.0	0.0	0.0	0.0	0.0	0.0	0.0	0.0
Tzo-CMvi_062-Ex1-3G-lcwgs-2-1	91.66023563307095	7.511447239800381	0.7537171374183259	0.06688274939548285	0.007717240314863405	0.0	0.0	0.0	0.0	0.0	0.0	0.0	0.0	0.0	0.0	0.0	0.0	0.0	0.0	0.0	0.0	0.0	0.0	0.0	0.0	0.0	0.0	0.0	0.0	0.0	0.0
Tzo-CMvi_063-Ex1-7A-lcwgs-1-1	90.92728819496571	8.25364059450533	0.7466346394435269	0.06655657308712407	0.005129359955962568	0.0006255317019466547	0.0	0.0	0.0	0.0	0.0	0.0	0.0	0.0	0.0	0.00012510634038933094	0.0	0.0	0.0	0.0	0.0	0.0	0.0	0.0	0.0	0.0	0.0	0.0	0.0	0.0	0.0
Tzo-CMvi_064-Ex1-3A-lcwgs-1-1	89.99724040196136	8.99472302191651	0.9176567276951573	0.08266743469453419	0.006989374945018926	0.00048202585827716724	0.0	0.00012050646456929181	0.00012050646456929181	0.0	0.0	0.0	0.0	0.0	0.0	0.0	0.0	0.0	0.0	0.0	0.0	0.0	0.0	0.0	0.0	0.0	0.0	0.0	0.0	0.0	0.0
Tzo-CMvi_065-Ex1-1E-lcwgs-1-1	91.02775307860023	8.147328225678754	0.7594489579653833	0.05953178479640434	0.0057856977551492715	0.00015225520408287556	0.0	0.0	0.0	0.0	0.0	0.0	0.0	0.0	0.0	0.0	0.0	0.0	0.0	0.0	0.0	0.0	0.0	0.0	0.0	0.0	0.0	0.0	0.0	0.0	0.0
Tzo-CMvi_066-Ex1-5F-lcwgs-1-1	89.02638328875405	9.78245139526528	1.074893209309753	0.10654117928859436	0.008233861631202842	0.0014970657511277896	0.0	0.0	0.0	0.0	0.0	0.0	0.0	0.0	0.0	0.0	0.0	0.0	0.0	0.0	0.0	0.0	0.0	0.0	0.0	0.0	0.0	0.0	0.0	0.0	0.0
Tzo-CMvi_067-Ex1-6A-lcwgs-1-1	87.9906499642242	10.531226314008904	1.3098537259279603	0.1488791626932158	0.017740549473736326	0.0015913449694049196	5.893870257055258e-05	0.0	0.0	0.0	0.0	0.0	0.0	0.0	0.0	0.0	0.0	0.0	0.0	0.0	0.0	0.0	0.0	0.0	0.0	0.0	0.0	0.0	0.0	0.0	0.0
Tzo-CMvi_068-Ex1-6F-lcwgs-1-1	88.61602822876246	10.03157164221412	1.2036322050299588	0.1348881308219379	0.011924892724837988	0.001759410402025277	0.0001954900446694752	0.0	0.0	0.0	0.0	0.0	0.0	0.0	0.0	0.0	0.0	0.0	0.0	0.0	0.0	0.0	0.0	0.0	0.0	0.0	0.0	0.0	0.0	0.0	0.0
Tzo-CMvi_069-Ex1-7G-lcwgs-1-1	91.00132569489993	8.168381086752762	0.762324107632951	0.062420611880524966	0.00525125782486956	0.0002972410089548808	0.0	0.0	0.0	0.0	0.0	0.0	0.0	0.0	0.0	0.0	0.0	0.0	0.0	0.0	0.0	0.0	0.0	0.0	0.0	0.0	0.0	0.0	0.0	0.0	0.0
Tzo-CMvi_070-Ex1-3H-lcwgs-2-1	99.71412235563179	0.2858776443682104	0.0	0.0	0.0	0.0	0.0	0.0	0.0	0.0	0.0	0.0	0.0	0.0	0.0	0.0	0.0	0.0	0.0	0.0	0.0	0.0	0.0	0.0	0.0	0.0	0.0	0.0	0.0	0.0	0.0
Tzo-CMvi_071-Ex1-4A-lcwgs-2-1	91.82495344506518	7.409217877094972	0.6890130353817504	0.07448789571694599	0.002327746741154562	0.0	0.0	0.0	0.0	0.0	0.0	0.0	0.0	0.0	0.0	0.0	0.0	0.0	0.0	0.0	0.0	0.0	0.0	0.0	0.0	0.0	0.0	0.0	0.0	0.0	0.0
Tzo-CMvi_075-Ex1-3D-lcwgs-1-1	89.67775247017522	9.230307794350177	0.983339590338915	0.09752876796708379	0.010064888335096367	0.000905839950158673	0.0	0.0	0.0	0.0	0.0	0.0	0.0	0.00010064888335096367	0.0	0.0	0.0	0.0	0.0	0.0	0.0	0.0	0.0	0.0	0.0	0.0	0.0	0.0	0.0	0.0	0.0
Tzo-CMvi_076-Ex1-5A-lcwgs-1-1	89.63123525504237	9.295600278344796	0.9696799982313946	0.09506253809607527	0.007263914871128675	0.0009474671571037402	0.0	0.0	0.00010527412856708226	0.00010527412856708226	0.0	0.0	0.0	0.0	0.0	0.0	0.0	0.0	0.0	0.0	0.0	0.0	0.0	0.0	0.0	0.0	0.0	0.0	0.0	0.0	0.0
Tzo-CMvi_077-Ex1-6D-lcwgs-1-1	88.23265714958806	10.33071367920451	1.2716367217093456	0.14787458879000454	0.015168797360120808	0.0016100958091748345	0.00033896753877364936	0.0	0.0	0.0	0.0	0.0	0.0	0.0	0.0	0.0	0.0	0.0	0.0	0.0	0.0	0.0	0.0	0.0	0.0	0.0	0.0	0.0	0.0	0.0	0.0
Tzo-CMvi_078-Ex1-4B-lcwgs-2-1	90.10030613164837	8.860962923184866	0.9505368083129833	0.07839478831447286	0.007839478831447286	0.0011759218247170927	0.00039197394157236424	0.00039197394157236424	0.0	0.0	0.0	0.0	0.0	0.0	0.0	0.0	0.0	0.0	0.0	0.0	0.0	0.0	0.0	0.0	0.0	0.0	0.0	0.0	0.0	0.0	0.0
Tzo-CMvi_079-Ex1-7C-lcwgs-1-1	91.17723185649498	8.014764632403416	0.7375564083231114	0.06482033738085324	0.00517662416583203	0.00045014123181148086	0.0	0.0	0.0	0.0	0.0	0.0	0.0	0.0	0.0	0.0	0.0	0.0	0.0	0.0	0.0	0.0	0.0	0.0	0.0	0.0	0.0	0.0	0.0	0.0	0.0
Tzo-CMvi_080-Ex1-4C-lcwgs-2-1	90.49399541896491	8.581234881513883	0.8312937499554027	0.08419971029591203	0.0071355686691450875	0.0007135568669145088	0.0	0.0	0.0	0.0007135568669145088	0.0	0.0007135568669145088	0.0	0.0	0.0	0.0	0.0	0.0	0.0	0.0	0.0	0.0	0.0	0.0	0.0	0.0	0.0	0.0	0.0	0.0	0.0
Tzo-CMvi_081-Ex1-4D-lcwgs-2-1	90.56789542451283	8.537317869107257	0.8217176189385167	0.06935371011387632	0.0012384591091763627	0.0012384591091763627	0.0	0.0	0.0	0.0006192295545881814	0.0	0.0	0.0	0.0	0.0	0.0006192295545881814	0.0	0.0	0.0	0.0	0.0	0.0	0.0	0.0	0.0	0.0	0.0	0.0	0.0	0.0	0.0
Tzo-CMvi_082-Ex1-6C-lcwgs-1-1	88.11707500088222	10.442843425141204	1.281836974630716	0.1395784230145596	0.016994578450874525	0.0014858647825901224	9.286654891188265e-05	0.0	0.0	0.0	9.286654891188265e-05	0.0	0.0	0.0	0.0	0.0	0.0	0.0	0.0	0.0	0.0	0.0	0.0	0.0	0.0	0.0	0.0	0.0	0.0	0.0	0.0
Tzo-CMvi_083-Ex1-4E-lcwgs-2-1	90.64986003258	8.421768492305745	0.8540384949943854	0.06484366350883297	0.008698540226794668	0.0007907763842540606	0.0	0.0	0.0	0.0	0.0	0.0	0.0	0.0	0.0	0.0	0.0	0.0	0.0	0.0	0.0	0.0	0.0	0.0	0.0	0.0	0.0	0.0	0.0	0.0	0.0
Tzo-CMvi_087-Ex1-2D-lcwgs-1-1	90.19126189201329	8.837202810689552	0.8851286710127974	0.07790553383054151	0.0076129186153623615	0.0008881738384589422	0.0	0.0	0.0	0.0	0.0	0.0	0.0	0.0	0.0	0.0	0.0	0.0	0.0	0.0	0.0	0.0	0.0	0.0	0.0	0.0	0.0	0.0	0.0	0.0	0.0
Tzo-CMvi_088-Ex1-4F-lcwgs-2-1	90.45361116246696	8.55238115953062	0.9048297462779089	0.08047764570260248	0.006525214516427228	0.0021750715054757426	0.0	0.0	0.0	0.0	0.0	0.0	0.0	0.0	0.0	0.0	0.0	0.0	0.0	0.0	0.0	0.0	0.0	0.0	0.0	0.0	0.0	0.0	0.0	0.0	0.0
Tzo-CMvi_089-Ex1-5D-lcwgs-1-1	88.26484883810231	10.328319832943496	1.2420033107658488	0.1459169662766225	0.01673583702047055	0.0018200777661519696	0.00022196070318926457	4.439214063785291e-05	8.878428127570582e-05	0.0	0.0	0.0	0.0	0.0	0.0	0.0	0.0	0.0	0.0	0.0	0.0	0.0	0.0	0.0	0.0	0.0	0.0	0.0	0.0	0.0	0.0
Tzo-CMvi_090-Ex1-3F-lcwgs-1-1	89.29553022120437	9.575462536661297	1.02504914954176	0.09641274716246107	0.006846702334725496	0.0006986430953801527	0.0	0.0	0.0	0.0	0.0	0.0	0.0	0.0	0.0	0.0	0.0	0.0	0.0	0.0	0.0	0.0	0.0	0.0	0.0	0.0	0.0	0.0	0.0	0.0	0.0
Tzo-CMvi_091-Ex1-2C-lcwgs-1-1	89.88007446665354	9.101222425905412	0.9215649404293508	0.08956317233647591	0.007040289168737908	0.00044558792207201954	8.91175844144039e-05	0.0	0.0	0.0	0.0	0.0	0.0	0.0	0.0	0.0	0.0	0.0	0.0	0.0	0.0	0.0	0.0	0.0	0.0	0.0	0.0	0.0	0.0	0.0	0.0
Tzo-CMvi_092-Ex1-4G-lcwgs-2-1	90.97016804078292	8.087356032475297	0.8575114859336649	0.08024419409654478	0.003146831141040972	0.001573415570520486	0.0	0.0	0.0	0.0	0.0	0.0	0.0	0.0	0.0	0.0	0.0	0.0	0.0	0.0	0.0	0.0	0.0	0.0	0.0	0.0	0.0	0.0	0.0	0.0	0.0
Tzo-CMvi_093-Ex1-4H-lcwgs-2-1	91.64324582909765	7.513604018417748	0.7773724810141721	0.05979788315493631	0.002989894157746816	0.0	0.0	0.0	0.002989894157746816	0.0	0.0	0.0	0.0	0.0	0.0	0.0	0.0	0.0	0.0	0.0	0.0	0.0	0.0	0.0	0.0	0.0	0.0	0.0	0.0	0.0	0.0
Tzo-CMvi_094-Ex1-8C-lcwgs-1-1	89.48584986954934	9.39878881950549	1.0076189258062525	0.09695730735087056	0.0095385612597838	0.0008671419327076183	0.0001625891123826784	0.0	5.419637079422614e-05	0.0	0.0	0.00010839274158845228	0.0	0.0	0.0	5.419637079422614e-05	0.0	0.0	0.0	0.0	0.0	0.0	0.0	0.0	0.0	0.0	0.0	0.0	0.0	0.0	0.0
