Sample	fastp_mqc-generalstats-fastp-pct_duplication	fastp_mqc-generalstats-fastp-after_filtering_q30_rate	fastp_mqc-generalstats-fastp-after_filtering_q30_bases	fastp_mqc-generalstats-fastp-after_filtering_gc_content	fastp_mqc-generalstats-fastp-pct_surviving	fastp_mqc-generalstats-fastp-pct_adapter
Tzo-ABol_002-Ex1-2A-lcwgs-1-1	9.71307	0.941264	147663569.0	0.391708	98.28058581104378	93.89886220852337
Tzo-ABol_003-Ex1-3A-lcwgs-1-1	10.3068	0.93719	152075609.0	0.392626	98.1644020740191	90.92208190811624
Tzo-ABol_008-Ex1-8A-lcwgs-1-1	10.1492	0.934905	560214431.0	0.389019	97.95286475779533	89.16070614527445
Tzo-ABol_009-Ex1-9A-lcwgs-1-1	9.90615	0.931949	538459111.0	0.418836	97.82061401831136	86.54106147485405
Tzo-ABol_010-Ex1-10A-lcwgs-1-1	10.0186	0.939708	803898198.0	0.393438	98.34357931836156	94.71622460841087
Tzo-ABol_011-Ex1-11A-lcwgs-1-1	0.774228	0.903201	3203357.0	0.394296	94.61683614634657	81.60184505713387
Tzo-ABol_012-Ex1-12A-lcwgs-1-1	8.839229999999999	0.940076	208725411.0	0.383273	97.93535423534517	93.48571595111494
Tzo-ABol_020-Ex1-8B-lcwgs-1-1	10.2197	0.939226	935143247.0	0.387585	98.12695115010803	92.94346246148349
Tzo-ABol_023-Ex1-11B-lcwgs-1-1	9.69432	0.936827	1037010706.0	0.384719	98.02421973358801	89.70997448994711
Tzo-ABol_024-Ex1-12B-lcwgs-1-1	0.9031330000000001	0.90336	3185953.0	0.395446	95.4004588869324	79.91302491862761
Tzo-ABol_026-Ex1-2C-lcwgs-1-1	9.52141	0.940883	427852244.0	0.382953	98.29102468952748	92.91976350780588
Tzo-ABol_030-Ex1-6C-lcwgs-1-1	8.98655	0.93867	921839676.0	0.388717	98.03055739069426	92.64683644132586
Tzo-ABol_034-Ex1-10C-lcwgs-1-1	8.91072	0.937018	884987865.0	0.390406	97.56661546268998	91.68968757982829
Tzo-ABol_035-Ex1-11C-lcwgs-1-1	7.572379999999999	0.937264	48194961.0	0.384526	96.55172413793103	92.1639035366224
Tzo-ABol_036-Ex1-12C-lcwgs-1-1	9.8896	0.93928	1086126940.0	0.407187	97.74028057043898	92.3538782800048
Tzo-ABol_038-Ex1-2D-lcwgs-1-1	9.950249999999999	0.936914	580758828.0	0.394448	97.69433316933454	90.19175842948108
Tzo-ABol_043-Ex1-7D-lcwgs-1-1	8.53435	0.94303	505929266.0	0.390512	98.10275377581806	95.8645463095598
Tzo-ABol_044-Ex1-8D-lcwgs-1-1	9.94514	0.935818	1115473992.0	0.429762	97.20207204556608	91.21100480144074
Tzo-ABol_045-Ex1-9D-lcwgs-1-1	8.5774	0.943009	548477094.0	0.392495	97.70139481715587	96.3427068948478
Tzo-ABol_046-Ex1-10D-lcwgs-1-1	7.831589999999999	0.941197	165909404.0	0.401409	97.70546524418326	96.43273779844938
Tzo-ABol_047-Ex1-11D-lcwgs-1-1	9.60695	0.936411	912816726.0	0.395376	97.89924489163258	89.94768205077176
Tzo-ABol_048-Ex1-12D-lcwgs-1-1	8.69588	0.936659	216870226.0	0.383428	97.89178928447491	90.88522301488685
Tzo-ABol_050-Ex1-2E-lcwgs-1-1	9.11961	0.940057	391663217.0	0.397966	97.93130770365251	93.12114723305756
Tzo-ABol_051-Ex1-3E-lcwgs-1-1	10.3717	0.940895	168141380.0	0.394816	98.02694429821996	95.35941978124816
Tzo-ABol_052-Ex1-4E-lcwgs-1-1	8.71011	0.942847	404277871.0	0.390737	97.92087448608521	96.15442420941392
Tzo-ABol_053-Ex1-5E-lcwgs-1-1	10.5983	0.940945	1481172075.0	0.38469	97.96164841442031	94.68414093393717
Tzo-ABol_054-Ex1-6E-lcwgs-1-1	9.8084	0.934411	1434425352.0	0.402852	96.9323609969257	89.96345433464955
Tzo-ABol_055-Ex1-7E-lcwgs-1-1	9.020259999999999	0.938616	495841818.0	0.387705	97.97655406501443	92.72235875664333
Tzo-ABol_056-Ex1-8E-lcwgs-1-1	9.07432	0.938115	297003149.0	0.389048	97.7057048158761	93.64750395364942
Tzo-ABol_057-Ex1-9E-lcwgs-1-1	10.0242	0.936799	1159972813.0	0.395873	97.91324060145982	91.5611452320937
Tzo-ABol_058-Ex1-10E-lcwgs-1-1	8.285499999999999	0.937872	298605239.0	0.382982	97.72064108211588	94.17157679394909
Tzo-ABol_059-Ex1-11E-lcwgs-1-1	8.72753	0.937932	254208735.0	0.386126	97.81338114253117	92.76909787303399
Tzo-ABol_060-Ex1-12E-lcwgs-1-1	9.56746	0.939661	261925528.0	0.389424	98.12737049929859	94.05004676053412
Tzo-ABol_061-Ex1-1F-lcwgs-1-1	9.26076	0.944553	261086113.0	0.399902	97.96382971948928	96.68211520704595
Tzo-ABol_062-Ex1-2F-lcwgs-1-1	10.6587	0.948713	895499232.0	0.400564	96.88437684842816	97.78955151733844
Tzo-ABol_063-Ex1-3F-lcwgs-1-1	2.12018	0.920128	5590078.0	0.391499	96.39414802065404	90.80608146873207
Tzo-ABol_065-Ex1-5F-lcwgs-1-1	9.58072	0.943039	464495279.0	0.397489	97.33923822437143	95.09530050081723
Tzo-ABol_066-Ex1-6F-lcwgs-1-1	8.50441	0.935988	450116851.0	0.395953	97.11420188000164	90.12243202461264
Tzo-ABol_067-Ex1-7F-lcwgs-1-1	9.16291	0.94556	393790440.0	0.389858	97.8835461123236	96.07646599533592
Tzo-ABol_068-Ex1-8F-lcwgs-1-1	10.42	0.939293	648944835.0	0.416184	97.70051828598353	92.06089197968414
Tzo-ABol_069-Ex1-9F-lcwgs-1-1	9.12208	0.941793	729837991.0	0.389959	97.75553167475172	94.53354966300535
Tzo-ABol_070-Ex1-10F-lcwgs-1-1	8.75901	0.938334	251669504.0	0.387112	97.8744368617098	93.57574777817563
Tzo-ABol_071-Ex1-11F-lcwgs-1-1	9.06275	0.942101	155493781.0	0.384543	98.02386659993151	94.66541977292484
Tzo-ABol_072-Ex1-12F-lcwgs-1-1	10.019599999999999	0.939942	359973269.0	0.386907	98.10575323231065	92.56463907806727
Tzo-ABol_073-Ex1-1G-lcwgs-1-1	7.930039999999999	0.941013	329023580.0	0.392963	97.89943719575092	94.75738994753998
Tzo-ABol_075-Ex1-3G-lcwgs-1-1	10.655299999999999	0.946991	1072780267.0	0.399022	98.18619155552473	97.57976650165524
Tzo-ABol_076-Ex1-4G-lcwgs-1-1	9.9095	0.948978	748144473.0	0.406793	98.39954291023496	98.4632741646809
Tzo-ABol_077-Ex1-5G-lcwgs-1-1	9.17413	0.938688	305008885.0	0.3847	98.0519332247966	92.05283401872829
Tzo-ABol_078-Ex1-6G-lcwgs-1-1	8.458730000000001	0.937608	454944434.0	0.382774	97.55806833090598	91.99694800856994
Tzo-ABol_079-Ex1-7G-lcwgs-1-1	8.83349	0.938304	344622756.0	0.380843	97.73584754178235	90.96674824011598
Tzo-ABol_080-Ex1-8G-lcwgs-1-1	10.4351	0.937532	1341552802.0	0.384321	97.93497741699314	90.99081291052653
Tzo-ABol_081-Ex1-9G-lcwgs-1-1	8.96857	0.938736	735282343.0	0.388525	97.74430949420588	91.96664020736598
Tzo-ABol_082-Ex1-10G-lcwgs-1-1	8.85717	0.935065	312559234.0	0.4315	96.9394154877634	91.18563696110171
Tzo-ABol_083-Ex1-11G-lcwgs-1-1	9.257990000000001	0.938825	342551133.0	0.392275	97.98076070573633	91.82113497609264
Tzo-ABol_084-Ex1-12G-lcwgs-1-1	9.371559999999999	0.942423	528767439.0	0.386316	98.14320239658872	94.66812655095512
Tzo-ABol_085-Ex1-1H-lcwgs-1-1	8.96232	0.944653	383801537.0	0.395025	97.95700985807268	96.85131847308324
Tzo-ABol_086-Ex1-2H-lcwgs-1-1	8.87514	0.941688	266410962.0	0.428003	97.73642960327568	94.28646004437265
Tzo-ABol_087-Ex1-3H-lcwgs-1-1	9.68186	0.944501	433276674.0	0.390489	98.14644467802708	96.28437341037261
Tzo-ABol_088-Ex1-4H-lcwgs-1-1	8.815570000000001	0.941668	228643592.0	0.405805	97.13226205191594	94.26564453986222
Tzo-ABol_090-Ex1-6H-lcwgs-1-1	8.850570000000001	0.943691	53867936.0	0.417929	97.88189893481936	97.64939238873109
Tzo-ABol_091-Ex1-7H-lcwgs-1-1	9.135250000000001	0.941583	268048498.0	0.392756	98.14666248622231	93.74400811954347
Tzo-ABol_092-Ex1-8H-lcwgs-1-1	9.51292	0.939923	308093769.0	0.39595	98.17659265253592	93.72034305615324
Tzo-ABol_093-Ex1-9H-lcwgs-1-1	8.782869999999999	0.935296	155254719.0	0.390834	97.7394512335716	89.02219275997233
Tzo-ABol_095-Ex1-11H-lcwgs-1-1	8.68761	0.936736	116125273.0	0.393655	97.87589071726924	89.76059416328785
Tzo-ABol_096-Ex1-12H-lcwgs-1-1	9.60943	0.939401	191639777.0	0.393034	98.15111663310944	91.95754224236272
Tzo-AMta_001-Ex1-5D-lcwgs-1-1	9.505700000000001	0.946365	505189529.0	0.425132	93.03507216491327	96.97862207923895
Tzo-AMta_002-Ex1-5E-lcwgs-1-1	10.1605	0.944734	1153757212.0	0.407239	93.686848685477	95.46376006919729
Tzo-AMta_003-Ex1-5F-lcwgs-1-1	11.4938	0.943118	2023880260.0	0.427919	94.60675511895083	95.4509198063948
Tzo-AMta_004-Ex1-5G-lcwgs-1-1	10.0039	0.944942	967306864.0	0.420503	95.41162314773185	96.15959467308397
Tzo-AMta_005-Ex1-5H-lcwgs-1-1	10.0707	0.944826	1133268909.0	0.40762	96.43068564402988	96.32079220449337
Tzo-AMta_006-Ex1-1B-lcwgs-2-1	8.750729999999999	0.954841	103920457.0	0.421222	95.5738606885006	98.6689869935444
Tzo-AMta_006-Ex1-6A-lcwgs-1-1	11.9492	0.945729	317807101.0	0.401653	98.15233859721856	97.46014397165793
Tzo-AMta_007-Ex1-6B-lcwgs-1-1	10.768899999999999	0.944118	1121273794.0	0.416723	97.07833837161849	96.80724832180493
Tzo-AMta_008-Ex1-6C-lcwgs-1-1	10.8219	0.947603	1078528153.0	0.408483	97.61748734309894	97.74077546671874
Tzo-AMta_009-Ex1-6D-lcwgs-1-1	10.109300000000001	0.946511	1139364441.0	0.402009	97.58225832915993	96.80648321409372
Tzo-AMta_010-Ex1-6E-lcwgs-1-1	10.1775	0.947575	1140239072.0	0.400566	96.6285533852897	97.0346420204802
Tzo-AMta_011-Ex1-6F-lcwgs-1-1	5.41402	0.930248	11816552.0	0.401257	96.1505687582	93.8099360231561
Tzo-AMta_012-Ex1-6G-lcwgs-1-1	9.77692	0.944633	813153180.0	0.40955	97.05149208602172	95.7784385948253
Tzo-AMta_013-Ex1-6H-lcwgs-1-1	9.74562	0.945928	779643483.0	0.404914	96.8163623360404	97.09417542524936
Tzo-AMta_014-Ex1-7A-lcwgs-1-1	11.9866	0.945592	690317897.0	0.3919	98.19400261299344	96.70612387070196
Tzo-AMta_015-Ex1-7B-lcwgs-1-1	11.488	0.943779	1321515772.0	0.388332	97.54501893613107	95.78639450419068
Tzo-AMta_016-Ex1-7C-lcwgs-1-1	10.766	0.947271	784656702.0	0.407768	97.90907404572955	97.54170894409648
Tzo-AMta_017-Ex1-7D-lcwgs-1-1	10.6066	0.946412	1129694901.0	0.420781	96.75945234807537	96.86261687020685
Tzo-AMta_018-Ex1-7E-lcwgs-1-1	9.812949999999999	0.94967	705733538.0	0.392299	95.51515555281529	97.59542074757546
Tzo-AMta_019-Ex1-7F-lcwgs-1-1	10.3992	0.947397	731962829.0	0.394256	97.40395138320925	96.96277794213498
Tzo-AMta_020-Ex1-7G-lcwgs-1-1	9.78052	0.948299	900527853.0	0.400058	97.53272922611727	97.37937011822176
Tzo-AMta_021-Ex1-7H-lcwgs-1-1	10.2329	0.947175	581024938.0	0.400367	96.72558467938467	97.79787231239807
Tzo-AMta_022-Ex1-8A-lcwgs-1-1	11.7843	0.945334	1190597879.0	0.395062	97.81856481661964	96.7326127080446
Tzo-AMta_023-Ex1-8B-lcwgs-1-1	9.635860000000001	0.946495	800648534.0	0.386311	95.58189846696153	97.29372454120342
Tzo-AMta_024-Ex1-8C-lcwgs-1-1	9.68286	0.94693	734480368.0	0.395543	94.81612442649953	96.86924087730593
Tzo-AMta_025-Ex1-1E-lcwgs-2-1	10.0165	0.950143	399291471.0	0.40666	97.32402465256396	98.5332166239131
Tzo-AMta_025-Ex1-8D-lcwgs-1-1	10.0253	0.951851	503930856.0	0.422301	95.18854419201614	98.86337333669742
Tzo-AMta_026-Ex1-8E-lcwgs-1-1	9.17916	0.94924	689629388.0	0.399227	95.33543020320325	97.43615238174068
Tzo-AMta_027-Ex1-1C-lcwgs-2-1	8.399280000000001	0.954646	60716061.0	0.426699	94.0545011651232	98.55284229934648
Tzo-AMta_027-Ex1-8F-lcwgs-1-1	9.88082	0.951346	132647487.0	0.426313	96.66147898990913	99.172766726519
Tzo-AMta_028-Ex1-8G-lcwgs-1-1	10.4491	0.951248	559733399.0	0.410473	95.667077819993	98.78477490983498
Tzo-AMta_029-Ex1-8H-lcwgs-1-1	10.0467	0.953077	448102002.0	0.421196	96.70991013190144	99.23738311943858
Tzo-AMta_030-Ex1-9A-lcwgs-1-1	12.170499999999999	0.950404	70842184.0	0.411748	97.23757242319489	98.972787542399
Tzo-AMta_031-Ex1-9B-lcwgs-1-1	11.3949	0.948015	1012251079.0	0.392516	97.47473604490709	97.8284598875717
Tzo-AMvi_001-Ex1-1A-lcwgs-1-1	8.48977	0.931542	37976461.0	0.38153	97.00214531358343	86.74978011699173
Tzo-AMvi_002-Ex1-1E-lcwgs-1-1	8.23579	0.937195	40607503.0	0.388122	97.45823409616513	90.72607089848469
Tzo-AMvi_003-Ex1-2A-lcwgs-1-1	9.47037	0.933316	135470186.0	0.364127	97.33101654048582	86.18510213300968
Tzo-AMvi_004-Ex1-2E-lcwgs-1-1	9.49508	0.933945	18239524.0	0.374302	97.66179066574446	85.19237320505012
Tzo-AMvi_005-Ex1-3A-lcwgs-1-1	9.37814	0.930369	390698997.0	0.375538	97.73257285919841	83.52818174794044
Tzo-AMvi_006-Ex1-1A-lcwgs-2-1	12.3756	0.901623	536110604.0	0.510422	91.50349829570209	58.8449933139662
Tzo-AMvi_007-Ex1-4A-lcwgs-1-1	8.53112	0.928025	13235299.0	0.371005	97.20882802826134	82.11523053390633
Tzo-AMvi_008-Ex1-1B-lcwgs-2-1	10.4752	0.917725	290061825.0	0.404335	96.30100623495278	68.20591685035023
Tzo-AMvi_009-Ex1-5A-lcwgs-1-1	7.504099999999999	0.928693	9261758.0	0.371778	96.65111277531348	86.79743456804347
Tzo-AMvi_010-Ex1-5E-lcwgs-1-1	9.002970000000001	0.929021	7970767.0	0.391464	97.15579289528674	83.25168330624565
Tzo-AMvi_011-Ex1-6A-lcwgs-1-1	3.5570200000000005	0.915196	3364360.0	0.386598	94.83763948929325	85.67658590529807
Tzo-AMvi_012-Ex1-6E-lcwgs-1-1	8.084660000000001	0.931241	33090157.0	0.383738	97.88496088891345	84.6510406589458
Tzo-AMvi_013-Ex1-1B-lcwgs-1-1	7.74778	0.931084	20785613.0	0.39025	96.77388499030425	85.87944242993417
Tzo-AMvi_014-Ex1-1C-lcwgs-2-1	0.5853050000000001	0.897711	1479771.0	0.407521	94.8081810480455	72.26794142563233
Tzo-AMvi_015-Ex1-2B-lcwgs-1-1	9.80681	0.927803	70590189.0	0.387138	97.00757110473361	78.6865864144454
Tzo-AMvi_016-Ex1-2F-lcwgs-1-1	8.29127	0.929022	7561369.0	0.400561	96.45237854762145	81.58140591859409
Tzo-AMvi_017-Ex1-3B-lcwgs-1-1	9.4965	0.927728	12809493.0	0.383245	96.9901120830645	81.61807733281317
Tzo-AMvi_018-Ex1-3F-lcwgs-1-1	10.1044	0.92934	7639485.0	0.403493	96.64901701230573	83.17399617590823
Tzo-AMvi_019-Ex1-1D-lcwgs-2-1	0.465955	0.901632	1226744.0	0.404762	95.24365334111468	74.78844470382259
Tzo-AMvi_020-Ex1-4F-lcwgs-1-1	9.23986	0.92744	8229365.0	0.392969	96.95111847555924	80.0970529056693
Tzo-AMvi_021-Ex1-1E-lcwgs-2-1	11.5308	0.91391	648956261.0	0.429802	95.92320491928797	63.260953184807015
Tzo-AMvi_022-Ex1-5F-lcwgs-1-1	9.87199	0.920995	24935283.0	0.398093	96.80084589470577	71.71703510626962
Tzo-AMvi_023-Ex1-6B-lcwgs-1-1	7.3257	0.926578	3291340.0	0.388911	96.78145397254107	82.31206392077425
Tzo-AMvi_024-Ex1-6F-lcwgs-1-1	7.96077	0.926687	29967570.0	0.384818	96.87546534589363	80.85558900650675
Tzo-AMvi_025-Ex1-1C-lcwgs-1-1	8.426359999999999	0.934773	55089186.0	0.377162	97.68211920529801	88.49540843184786
Tzo-AMvi_026-Ex1-1G-lcwgs-1-1	8.556189999999999	0.935323	34207391.0	0.39275	97.25335147383012	89.63076246349311
Tzo-AMvi_027-Ex1-2C-lcwgs-1-1	8.617239999999999	0.933517	44749162.0	0.388043	97.58367101906047	84.3009488552037
Tzo-AMvi_028-Ex1-2G-lcwgs-1-1	8.31551	0.934852	30452124.0	0.38246	97.371385655276	88.37256997602474
Tzo-AMvi_029-Ex1-3C-lcwgs-1-1	7.23675	0.935083	2503054.0	0.379714	97.75217757797134	90.8928069682495
Tzo-AMvi_030-Ex1-3G-lcwgs-1-1	10.4331	0.93076	46299515.0	0.374546	97.85150577164053	83.89957096503822
Tzo-AMvi_031-Ex1-4C-lcwgs-1-1	7.248060000000001	0.934142	5457887.0	0.3757	96.94567948965785	88.70094722598105
Tzo-AMvi_032-Ex1-4G-lcwgs-1-1	9.07031	0.933291	26844493.0	0.403894	97.02929969780581	88.65523584285901
Tzo-AMvi_033-Ex1-5C-lcwgs-1-1	9.55687	0.924133	27054011.0	0.397563	97.02984349904756	73.77992753893848
Tzo-AMvi_034-Ex1-5G-lcwgs-1-1	8.60962	0.932602	83304683.0	0.375631	97.83494695598178	86.93632531332266
Tzo-AMvi_035-Ex1-6C-lcwgs-1-1	8.08239	0.92821	11438446.0	0.391293	97.10891024383866	82.68124468850101
Tzo-AMvi_036-Ex1-6G-lcwgs-1-1	8.532589999999999	0.925368	18959084.0	0.417104	96.52141668838067	80.5220380429336
Tzo-AMvi_037-Ex1-1D-lcwgs-1-1	5.45396	0.930511	2694040.0	0.387571	96.13496932515338	87.88957055214725
Tzo-AMvi_038-Ex1-1H-lcwgs-1-1	8.59346	0.931158	17602912.0	0.384085	97.29822374571518	84.08019112911603
Tzo-AMvi_039-Ex1-2D-lcwgs-1-1	7.3447499999999994	0.932788	5447210.0	0.389204	97.16754520584506	85.76099286047908
Tzo-AMvi_040-Ex1-2H-lcwgs-1-1	7.91356	0.936558	7341459.0	0.382275	97.39178030032602	88.7056471764118
Tzo-AMvi_041-Ex1-3D-lcwgs-1-1	1.09489	0.916142	577131.0	0.396574	96.69642857142857	83.125
Tzo-AMvi_042-Ex1-3H-lcwgs-1-1	8.50842	0.930546	19075550.0	0.410768	96.46069915459171	83.26110928401462
Tzo-AMvi_043-Ex1-4D-lcwgs-1-1	7.09356	0.934029	11884413.0	0.377137	97.31395189213099	86.79169018166289
Tzo-AMvi_044-Ex1-4H-lcwgs-1-1	7.27105	0.931473	4612026.0	0.375404	97.05613239447825	85.44973544973546
Tzo-AMvi_045-Ex1-5D-lcwgs-1-1	8.85448	0.931814	15062177.0	0.37997	97.38107379616814	85.40164153371701
Tzo-AMvi_046-Ex1-5H-lcwgs-1-1	9.31181	0.930134	10653507.0	0.399385	97.18823856527179	83.36142777700543
Tzo-AMvi_047-Ex1-6D-lcwgs-1-1	8.6373	0.930593	79971152.0	0.385212	97.80292525207479	84.41224359912385
Tzo-AMvi_048-Ex1-6H-lcwgs-1-1	8.2678	0.929888	18986242.0	0.406293	95.87862961596322	83.90054213618689
Tzo-CMal_001-Ex1-3F-lcwgs-1-1	9.29509	0.901399	81918664.0	0.411907	95.38929261123477	49.720539686725246
Tzo-CMal_002-Ex1-3G-lcwgs-1-1	9.64072	0.887083	41589214.0	0.412574	95.05681663351227	31.64046107311224
Tzo-CMal_003-Ex1-3H-lcwgs-1-1	9.48581	0.882746	46416369.0	0.408741	93.78182976741907	26.21694483248781
Tzo-CMal_004-Ex1-4A-lcwgs-1-1	10.1164	0.88471	127875103.0	0.40743	94.80777223036941	23.38882572532822
Tzo-CMal_005-Ex1-4B-lcwgs-1-1	8.901969999999999	0.899514	58015125.0	0.409718	95.48865480226199	45.66279643993599
Tzo-CMal_006-Ex1-4C-lcwgs-1-1	9.13781	0.896182	122947538.0	0.410729	95.3169705520195	40.11923865321171
Tzo-CMal_007-Ex1-4D-lcwgs-1-1	8.76398	0.898448	110461023.0	0.410792	95.38905637327343	42.5200488660322
Tzo-CMal_008-Ex1-4E-lcwgs-1-1	9.24564	0.895738	70981078.0	0.411391	95.08000769961565	39.39626320266754
Tzo-CMal_009-Ex1-4F-lcwgs-1-1	8.875779999999999	0.897361	58046619.0	0.412579	94.99960998295069	43.77309922405179
Tzo-CMal_010-Ex1-4G-lcwgs-1-1	9.08423	0.889831	71525971.0	0.40902	94.67348524571523	32.29912251331392
Tzo-CMal_011-Ex1-4H-lcwgs-1-1	9.287420000000001	0.888753	55162669.0	0.409724	94.47905275617317	31.125568784531517
Tzo-CMal_012-Ex1-5A-lcwgs-1-1	10.0841	0.88799	291379600.0	0.410965	95.18935606240973	28.68653080012063
Tzo-CMal_013-Ex1-5B-lcwgs-1-1	9.20015	0.894622	140367471.0	0.409821	94.73389023157573	39.08674208279109
Tzo-CMal_014-Ex1-5C-lcwgs-1-1	9.25566	0.893548	146032237.0	0.409015	95.06187067815117	37.500151643818995
Tzo-CMal_015-Ex1-5D-lcwgs-1-1	8.80334	0.896431	73670588.0	0.413344	95.0260460426819	41.96626248868685
Tzo-CMal_016-Ex1-5E-lcwgs-1-1	8.79764	0.898598	45195917.0	0.414412	94.03184367316494	47.52309080695809
Tzo-CMal_017-Ex1-5F-lcwgs-1-1	8.99254	0.899845	115375187.0	0.411572	95.22834371883206	47.947331338585556
Tzo-CMal_018-Ex1-5G-lcwgs-1-1	8.620709999999999	0.90417	82996189.0	0.413493	95.8627591065352	54.82254920752669
Tzo-CMal_019-Ex1-5H-lcwgs-1-1	8.90296	0.887136	40505146.0	0.410096	94.1577313459125	31.859464100926928
Tzo-CMal_020-Ex1-6A-lcwgs-1-1	9.48501	0.891999	218678874.0	0.412044	94.97820715921496	35.068210360423215
Tzo-CMal_021-Ex1-6B-lcwgs-1-1	8.45814	0.900552	128251937.0	0.412004	95.44917444305028	47.26066327081758
Tzo-CMal_022-Ex1-6C-lcwgs-1-1	9.22205	0.891704	172723530.0	0.410635	94.70850480555083	33.93734408419226
Tzo-CMal_023-Ex1-6D-lcwgs-1-1	8.34826	0.902857	114158521.0	0.413323	95.08787750519903	49.61655961867604
Tzo-CMal_024-Ex1-6E-lcwgs-1-1	0.844309	0.906057	2067098.0	0.410356	94.7646103896104	79.9715909090909
Tzo-CMal_025-Ex1-6F-lcwgs-1-1	8.37605	0.904853	55013512.0	0.413804	95.36953192250506	54.48886354913118
Tzo-CMal_026-Ex1-6G-lcwgs-1-1	8.31161	0.899786	72509439.0	0.415126	94.92200723939482	49.21703427862122
Tzo-CMal_027-Ex1-6H-lcwgs-1-1	8.11654	0.897412	31712202.0	0.414676	94.11968292212157	45.32103802405372
Tzo-CMal_028-Ex1-7A-lcwgs-1-1	9.47353	0.894061	117524549.0	0.416523	95.53071770627861	36.28307240199051
Tzo-CMal_029-Ex1-7B-lcwgs-1-1	8.34718	0.90582	96581628.0	0.414623	95.46979865771812	54.87094906429091
Tzo-CMal_030-Ex1-7C-lcwgs-1-1	8.94778	0.896235	106761600.0	0.40897	94.88246251741221	39.40143253958441
Tzo-CMal_031-Ex1-7D-lcwgs-1-1	8.42731	0.904024	68093185.0	0.413317	95.06361136122801	50.73810005084008
Tzo-CMal_032-Ex1-7E-lcwgs-1-1	8.40831	0.9052	57366627.0	0.415136	94.64461369832213	55.509436215957955
Tzo-CMal_033-Ex1-7F-lcwgs-1-1	8.23136	0.910519	46354239.0	0.416279	95.75768921488958	61.67390666150436
Tzo-CMal_034-Ex1-7G-lcwgs-1-1	8.094510000000001	0.907071	48407555.0	0.414748	93.36213763305898	59.54001625270543
Tzo-CMal_035-Ex1-7H-lcwgs-1-1	8.595139999999999	0.893866	61464953.0	0.415111	93.83689084941359	40.55080523209221
Tzo-CMal_036-Ex1-8A-lcwgs-1-1	9.053	0.894533	76616925.0	0.410785	95.42244030246557	38.411620984781074
Tzo-CMal_037-Ex1-8B-lcwgs-1-1	8.63403	0.904947	133600444.0	0.414963	95.5539716259193	53.1120335171934
Tzo-CMal_038-Ex1-8C-lcwgs-1-1	8.42695	0.905369	42437080.0	0.412869	95.7648028308975	54.67776727501879
Tzo-CMal_039-Ex1-8D-lcwgs-1-1	1.39825	0.913272	1679576.0	0.407156	94.11991146184198	80.08372630160716
Tzo-CMal_040-Ex1-8E-lcwgs-1-1	8.776340000000001	0.900867	65724091.0	0.414434	95.48553278847271	47.290867774463855
Tzo-CMal_041-Ex1-8F-lcwgs-1-1	0.606765	0.910323	1263105.0	0.408034	93.47987157322795	82.90936033588541
Tzo-CMal_042-Ex1-8G-lcwgs-1-1	8.047849999999999	0.901955	59898624.0	0.415103	95.10867125865313	51.66053826367669
Tzo-CMal_043-Ex1-8H-lcwgs-1-1	8.300839999999999	0.88498	9955405.0	0.410076	93.0891790219075	30.743527329055098
Tzo-CMal_044-Ex1-9A-lcwgs-1-1	10.8888	0.890679	148855097.0	0.408975	94.97719264243344	31.802414573512333
Tzo-CMal_045-Ex1-9B-lcwgs-1-1	9.36568	0.888088	15872620.0	0.405637	94.66101694915254	31.793079096045197
Tzo-CMal_046-Ex1-9C-lcwgs-1-1	10.6697	0.892368	160180927.0	0.409628	94.95637426326819	34.46594389274726
Tzo-CMal_047-Ex1-9D-lcwgs-1-1	9.67473	0.903776	46396122.0	0.412492	95.05263776448838	49.59589384755163
Tzo-CMal_048-Ex1-9E-lcwgs-1-1	0.633333	0.899751	524587.0	0.404423	94.85603364606924	74.40957618893562
Tzo-CMal_049-Ex1-9F-lcwgs-1-1	9.581570000000001	0.900026	11997449.0	0.416014	94.60992661728224	49.53246708186597
Tzo-CMal_050-Ex1-9G-lcwgs-1-1	6.15676	0.901024	1946429.0	0.410214	94.69628740118083	59.21645151606124
Tzo-CMal_051-Ex1-9H-lcwgs-1-1	9.92545	0.888132	8318600.0	0.4105	93.71755482572306	34.09921601864605
Tzo-CMal_052-Ex1-10A-lcwgs-1-1	8.56851	0.876347	84039037.0	0.409958	93.76073007425212	26.717482509978968
Tzo-CMal_053-Ex1-10B-lcwgs-1-1	7.943169999999999	0.881196	40322923.0	0.412432	93.62857173816464	33.7563795550836
Tzo-CMal_054-Ex1-10C-lcwgs-1-1	7.93032	0.883105	29891594.0	0.410084	91.41576138678774	37.994261665245006
Tzo-CMal_055-Ex1-10D-lcwgs-1-1	7.635110000000001	0.883598	12799332.0	0.410603	93.87303357496494	36.487217181189905
Tzo-CMal_056-Ex1-10E-lcwgs-1-1	7.89006	0.881402	53739464.0	0.412808	92.40811568281447	35.206884436956535
Tzo-CMal_057-Ex1-10F-lcwgs-1-1	7.82713	0.881643	31435708.0	0.41555	91.03731059214788	37.433803249567596
Tzo-CMal_058-Ex1-10G-lcwgs-1-1	7.55717	0.882651	99728977.0	0.412386	93.62021607764146	37.322619214321875
Tzo-CMal_059-Ex1-10H-lcwgs-1-1	6.45324	0.885154	1733640.0	0.410571	90.49736688121709	43.194850789935636
Tzo-CMal_060-Ex1-11A-lcwgs-1-1	9.19953	0.892353	52543641.0	0.410329	95.36505698108559	35.72903083307494
Tzo-CMal_061-Ex1-11B-lcwgs-1-1	9.33692	0.887665	33805909.0	0.40654	94.73673368490442	25.63790925071413
Tzo-CMal_062-Ex1-11C-lcwgs-1-1	8.9239	0.902988	41135699.0	0.410776	96.00518685164354	48.08279173436654
Tzo-CMal_063-Ex1-11D-lcwgs-1-1	8.705820000000001	0.897753	33155759.0	0.408595	95.82283472460786	39.872880506339264
Tzo-CMal_064-Ex1-11E-lcwgs-1-1	8.130080000000001	0.887271	3203876.0	0.412494	93.84978481188394	31.236984589754268
Tzo-CMta_001-Ex1-9A-lcwgs-1-1	9.74052	0.909898	42259732.0	0.421629	93.2349125438201	62.36738956414527
Tzo-CMta_002-Ex1-9B-lcwgs-1-1	9.83389	0.910326	100081696.0	0.414424	95.23192754804006	60.002482328424065
Tzo-CMta_003-Ex1-9C-lcwgs-1-1	0.885668	0.913811	198042.0	0.396284	93.93455706304869	82.12290502793296
Tzo-CMta_004-Ex1-9D-lcwgs-1-1	1.72669	0.909057	343889.0	0.403567	95.50561797752809	77.16170004885198
Tzo-CMta_005-Ex1-9E-lcwgs-1-1	8.45055	0.911085	1838801.0	0.418561	95.02248248457596	63.06075499320297
Tzo-CMta_006-Ex1-9F-lcwgs-1-1	8.64714	0.899667	1248913.0	0.420484	94.61117559277068	49.72641353009451
Tzo-CMta_007-Ex1-9G-lcwgs-1-1	0.192382	0.907626	383582.0	0.393149	91.17647058823529	87.31146304675717
Tzo-CMta_008-Ex1-9H-lcwgs-1-1	1.8768799999999999	0.91295	217241.0	0.397151	94.27934621099554	80.23774145616642
Tzo-CMta_009-Ex1-10A-lcwgs-1-1	8.01661	0.893407	165297936.0	0.418129	94.62952257524978	49.96391637667524
Tzo-CMta_010-Ex1-10B-lcwgs-1-1	7.00065	0.899838	2825146.0	0.414921	93.75341716785128	61.102378348824494
Tzo-CMta_011-Ex1-10C-lcwgs-1-1	1.68634	0.874519	120165.0	0.405722	93.76026272577997	55.82922824302135
Tzo-CMta_012-Ex1-10D-lcwgs-1-1	7.516649999999999	0.883763	162150447.0	0.416598	91.54358547529932	39.54447465828491
Tzo-CMta_013-Ex1-10E-lcwgs-1-1	0.276243	0.872611	69130.0	0.397415	89.51612903225806	52.68817204301075
Tzo-CMta_014-Ex1-10F-lcwgs-1-1	7.55712	0.887594	2742473.0	0.419822	90.72852535913222	46.81911462914101
Tzo-CMta_015-Ex1-10G-lcwgs-1-1	0.15456	0.87881	125226.0	0.403137	92.00603318250377	55.580693815987935
Tzo-CMta_016-Ex1-10H-lcwgs-1-1	7.6749600000000004	0.89076	26502519.0	0.402929	91.24758144436929	44.031869877774454
Tzo-CMta_017-Ex1-11A-lcwgs-1-1	9.21043	0.904126	126596103.0	0.414161	96.16640148079344	51.66647944376355
Tzo-CMta_018-Ex1-11B-lcwgs-1-1	1.3986	0.875545	108937.0	0.401705	86.37137989778535	49.57410562180579
Tzo-CMta_019-Ex1-11C-lcwgs-1-1	6.71774	0.907478	343751.0	0.417669	93.20224719101124	62.80898876404495
Tzo-CMta_020-Ex1-11D-lcwgs-1-1	8.34738	0.90004	62114359.0	0.415065	93.64568932700207	47.91495528707767
Tzo-CMta_021-Ex1-11E-lcwgs-1-1	8.16485	0.907846	6602917.0	0.421352	90.44000348058125	58.93784261971749
Tzo-CMta_022-Ex1-11F-lcwgs-1-1	8.35747	0.903885	14521404.0	0.422377	92.01552082194775	54.57836922067985
Tzo-CMta_023-Ex1-11G-lcwgs-1-1	0.7766989999999999	0.888796	101712.0	0.39992	93.76181474480151	59.07372400756144
Tzo-CMta_024-Ex1-11H-lcwgs-1-1	8.76261	0.904342	84989079.0	0.411168	95.69819571896046	49.19342733340672
Tzo-CMta_025-Ex1-12A-lcwgs-1-1	8.155569999999999	0.909622	16377704.0	0.416566	91.91081303682786	61.35192375573597
Tzo-CMta_026-Ex1-12B-lcwgs-1-1	7.248	0.916583	1207338.0	0.420328	84.75760065735415	71.97343193645577
Tzo-CMta_027-Ex1-12C-lcwgs-1-1	8.67085	0.907211	47056049.0	0.41404	93.99835320667256	54.0851801670319
Tzo-CMta_028-Ex1-12D-lcwgs-1-1	6.60888	0.904857	196543.0	0.415853	91.7917917917918	57.15715715715716
Tzo-CMta_029-Ex1-12E-lcwgs-1-1	8.51013	0.90826	7239599.0	0.417693	93.7984496124031	56.48495457197633
Tzo-CMta_030-Ex1-12F-lcwgs-1-1	7.472180000000001	0.909128	2228405.0	0.423204	91.5908700875236	61.20216234769178
Tzo-CMta_031-Ex1-12G-lcwgs-1-1	7.70777	0.906687	2672592.0	0.423268	90.1457807681525	61.028174936921786
Tzo-CMta_032-Ex1-12H-lcwgs-1-1	7.95799	0.913944	6416121.0	0.416127	95.79951236072961	63.18477824758495
Tzo-CMta_033-Ex1-1A-lcwgs-1-1	8.838	0.904342	8167222.0	0.415182	96.0076389068105	54.373016077834265
Tzo-CMta_034-Ex1-1B-lcwgs-1-1	8.901430000000001	0.90938	24076113.0	0.41752	95.51684558773884	59.30347376949564
Tzo-CMta_035-Ex1-1C-lcwgs-1-1	8.10641	0.902992	1728460.0	0.411646	96.31916696936675	55.46070952899866
Tzo-CMta_036-Ex1-1D-lcwgs-1-1	10.0384	0.897356	13922350.0	0.414776	95.71731403707304	42.54315359971948
Tzo-CMta_037-Ex1-1E-lcwgs-1-1	0.491535	0.893903	676868.0	0.402253	95.35196131112306	69.9892530897367
Tzo-CMta_038-Ex1-1F-lcwgs-1-1	1.15984	0.898802	503392.0	0.403664	94.69724113221068	69.43747760659262
Tzo-CMta_039-Ex1-1G-lcwgs-1-1	9.83333	0.902342	114972635.0	0.407393	96.3171092492436	45.72925879809141
Tzo-CMta_040-Ex1-1H-lcwgs-1-1	9.07138	0.909684	18133214.0	0.408435	96.55204225189695	56.913212943102934
Tzo-CMta_041-Ex1-2A-lcwgs-1-1	7.176150000000001	0.895999	6782695.0	0.413967	94.95522483189394	44.44214283437968
Tzo-CMta_042-Ex1-2B-lcwgs-1-1	8.48696	0.903024	179672969.0	0.409264	96.02363718084203	48.678662793009586
Tzo-CMta_043-Ex1-2C-lcwgs-1-1	8.2474	0.903447	66918610.0	0.408892	96.42850170179813	49.28625350609458
Tzo-CMta_044-Ex1-2D-lcwgs-1-1	8.36051	0.897508	291975284.0	0.41164	95.8683096237418	39.19654353774344
Tzo-CMta_045-Ex1-2E-lcwgs-1-1	8.71812	0.903452	115566427.0	0.413732	96.11776112372688	52.656095071048526
Tzo-CMta_046-Ex1-2F-lcwgs-1-1	3.05548	0.896131	3006496.0	0.407159	95.4506996420436	58.95541815815164
Tzo-CMta_047-Ex1-2G-lcwgs-1-1	0.59607	0.895336	2588321.0	0.400674	95.36604641138013	67.56232487966089
Tzo-CMta_048-Ex1-2H-lcwgs-1-1	8.39319	0.907092	40733744.0	0.413024	96.069632215486	54.5392107247245
Tzo-CMta_049-Ex1-3A-lcwgs-1-1	1.0582	0.88709	926078.0	0.404798	95.05528896307115	60.72397245983726
Tzo-CMta_050-Ex1-3B-lcwgs-1-1	0.549571	0.88051	887240.0	0.403463	92.60700389105058	55.23130134025076
Tzo-CMta_051-Ex1-3C-lcwgs-1-1	9.31226	0.902437	91909393.0	0.41118	96.08703375608296	49.754928313317784
Tzo-CMta_052-Ex1-3D-lcwgs-1-1	0.682057	0.885669	1847656.0	0.407383	93.9443535188216	60.74058919803601
Tzo-CMta_053-Ex1-3E-lcwgs-1-1	9.77238	0.901036	321358634.0	0.413262	96.16207348003046	46.236435446144405
Tzo-CMta_054-Ex1-3F-lcwgs-1-1	0.671441	0.89525	1645465.0	0.404708	94.40973364024991	68.62874054587307
Tzo-CMta_055-Ex1-3G-lcwgs-1-1	9.56085	0.905241	135551294.0	0.41364	96.2644406562696	51.21402906191976
Tzo-CMta_056-Ex1-3H-lcwgs-1-1	8.22772	0.91603	15080547.0	0.414676	96.49632979336673	69.3630622205711
Tzo-CMta_057-Ex1-4A-lcwgs-1-1	0.641119	0.887703	1302594.0	0.40432	92.16162193032554	59.29468874928612
Tzo-CMta_058-Ex1-4B-lcwgs-1-1	8.21049	0.903182	21858736.0	0.409273	95.91454674870074	50.83561657192446
Tzo-CMta_059-Ex1-4C-lcwgs-1-1	8.55711	0.90749	71407327.0	0.41432	96.09309283961684	56.25503898757462
Tzo-CMta_060-Ex1-4D-lcwgs-1-1	8.62166	0.900469	163529828.0	0.414309	95.57341691541245	47.9784108747553
Tzo-CMta_061-Ex1-4E-lcwgs-1-1	6.85777	0.901791	14077124.0	0.413129	95.39192399049881	56.96753760886778
Tzo-CMta_062-Ex1-4F-lcwgs-1-1	8.988100000000001	0.908965	51191371.0	0.413535	96.10287625472492	56.715601108348835
Tzo-CMta_063-Ex1-4G-lcwgs-1-1	8.52172	0.904675	47457812.0	0.411456	96.32509731686734	51.339071020897045
Tzo-CMta_064-Ex1-4H-lcwgs-1-1	7.01019	0.903752	7436276.0	0.411597	96.02658213769325	56.53987320653987
Tzo-CMvi_006-Ex1-7B-lcwgs-1-1	10.4452	0.890644	760679924.0	0.403568	95.26782333710281	26.169741994482905
Tzo-CMvi_007-Ex1-8E-lcwgs-1-1	10.0066	0.885958	234378936.0	0.405362	94.7485826007875	24.697266541707418
Tzo-CMvi_011-Ex1-5G-lcwgs-1-1	10.8845	0.890391	509074200.0	0.401181	95.34239491936944	24.97096077412865
Tzo-CMvi_012-Ex1-1G-lcwgs-1-1	9.28832	0.902704	641580444.0	0.40047	95.81986969618067	45.8567924316218
Tzo-CMvi_013-Ex1-2B-lcwgs-1-1	9.7316	0.88664	289643924.0	0.399844	94.76828658961513	22.434437168816483
Tzo-CMvi_015-Ex1-2F-lcwgs-1-1	10.4768	0.882387	304481194.0	0.40401	94.22717979583186	18.425561844898102
Tzo-CMvi_016-Ex1-1D-lcwgs-1-1	8.81564	0.896475	400780944.0	0.403077	95.91625972136386	38.494776368810314
Tzo-CMvi_018-Ex1-1F-lcwgs-2-1	9.20167	0.870456	43516980.0	0.414843	89.89032963275709	15.69653893375744
Tzo-CMvi_019-Ex1-1G-lcwgs-2-1	0.420842	0.897712	907648.0	0.408315	94.36207569254779	72.82481467030823
Tzo-CMvi_020-Ex1-7D-lcwgs-1-1	9.584330000000001	0.886574	476845488.0	0.412102	95.06188322685605	25.39810157419144
Tzo-CMvi_027-Ex1-1H-lcwgs-2-1	0.84181	0.900022	525443.0	0.40947	94.53924914675767	72.49146757679182
Tzo-CMvi_028-Ex1-2A-lcwgs-2-1	8.04242	0.881017	16016581.0	0.408454	90.00286959729985	27.833044096145176
Tzo-CMvi_029-Ex1-3C-lcwgs-1-1	10.4311	0.882907	345492959.0	0.403691	94.53488803483513	21.012825462954694
Tzo-CMvi_030-Ex1-2H-lcwgs-1-1	10.587399999999999	0.88375	398527892.0	0.402719	94.61789818022866	20.012319315707693
Tzo-CMvi_031-Ex1-2B-lcwgs-2-1	8.732800000000001	0.887814	287466386.0	0.40576	91.65436542227225	27.169194301524506
Tzo-CMvi_032-Ex1-2C-lcwgs-2-1	8.68357	0.882197	41063706.0	0.40878	91.35387969043536	24.96097579677838
Tzo-CMvi_033-Ex1-2D-lcwgs-2-1	5.01732	0.88894	2237111.0	0.406288	91.64896073903003	42.00461893764434
Tzo-CMvi_034-Ex1-2E-lcwgs-2-1	0.508737	0.897616	805355.0	0.403623	93.58173594658626	75.57613611888866
Tzo-CMvi_035-Ex1-2F-lcwgs-2-1	8.16801	0.870471	18367189.0	0.41663	88.41832946079958	19.05945337389513
Tzo-CMvi_038-Ex1-6B-lcwgs-1-1	10.8947	0.892005	177701651.0	0.396484	95.28820055996616	27.122491260566285
Tzo-CMvi_040-Ex1-2G-lcwgs-2-1	0.518609	0.898599	598688.0	0.402592	94.0324963072378	72.08271787296898
Tzo-CMvi_041-Ex1-4D-lcwgs-1-1	8.84455	0.889582	185399940.0	0.400959	95.0454686011069	28.565766971052813
Tzo-CMvi_042-Ex1-2H-lcwgs-2-1	8.46833	0.872663	12391151.0	0.42941	86.197655520592	23.00304298212248
Tzo-CMvi_044-Ex1-3A-lcwgs-2-1	9.06497	0.878553	32591838.0	0.410694	91.747224832098	21.405853081393325
Tzo-CMvi_045-Ex1-8B-lcwgs-1-1	10.264199999999999	0.879507	521874165.0	0.405724	93.71848706985618	16.35959718066518
Tzo-CMvi_046-Ex1-6E-lcwgs-1-1	11.736	0.888909	375025347.0	0.397501	94.93363009316482	25.857389806122942
Tzo-CMvi_047-Ex1-1F-lcwgs-1-1	9.7446	0.900523	296051406.0	0.401276	96.06521874181679	40.65708653027266
Tzo-CMvi_048-Ex1-2A-lcwgs-1-1	9.67746	0.889376	308282923.0	0.40248	95.10297521498927	26.206382021229373
Tzo-CMvi_049-Ex1-5B-lcwgs-1-1	10.184	0.886061	257049873.0	0.400988	94.73556269356595	21.18555610606069
Tzo-CMvi_050-Ex1-3B-lcwgs-2-1	7.1956500000000005	0.883457	8041268.0	0.406158	92.36795893556666	32.177495609887885
Tzo-CMvi_051-Ex1-6H-lcwgs-1-1	11.0808	0.891513	235112399.0	0.400492	95.42583246684082	26.131825213664378
Tzo-CMvi_052-Ex1-7E-lcwgs-1-1	9.34386	0.891529	221105930.0	0.403871	95.5410165649874	30.852195663842696
Tzo-CMvi_053-Ex1-3C-lcwgs-2-1	5.955209999999999	0.884431	3043222.0	0.407722	94.19655464558035	37.15758260378424
Tzo-CMvi_054-Ex1-3D-lcwgs-2-1	8.52242	0.885007	40261609.0	0.407268	89.38844797659465	27.196434614586856
Tzo-CMvi_057-Ex1-1H-lcwgs-1-1	9.21347	0.894251	249928131.0	0.403386	94.61753707874382	33.19750761515446
Tzo-CMvi_058-Ex1-3E-lcwgs-2-1	9.20173	0.884203	62992926.0	0.408235	91.37643442108397	24.270637907099378
Tzo-CMvi_061-Ex1-3F-lcwgs-2-1	9.59005	0.869854	25572098.0	0.416423	89.67185713028944	15.373009589161606
Tzo-CMvi_062-Ex1-3G-lcwgs-2-1	8.46715	0.873105	10513656.0	0.409424	89.37924345295829	19.86252266689158
Tzo-CMvi_063-Ex1-7A-lcwgs-1-1	9.06785	0.892051	261900856.0	0.40407	95.38802381188253	29.690913839530968
Tzo-CMvi_064-Ex1-3A-lcwgs-1-1	9.999270000000001	0.882763	283895074.0	0.400145	94.31305232638019	20.45288577392932
Tzo-CMvi_065-Ex1-1E-lcwgs-1-1	8.982289999999999	0.893376	207642698.0	0.399416	95.61520351026925	34.11996122219883
Tzo-CMvi_066-Ex1-5F-lcwgs-1-1	10.9467	0.888547	275628827.0	0.402402	94.98515049749734	22.437615618937322
Tzo-CMvi_067-Ex1-6A-lcwgs-1-1	12.0313	0.890249	681534525.0	0.402658	95.19502728224629	25.251573705912993
Tzo-CMvi_068-Ex1-6F-lcwgs-1-1	11.427	0.891916	164781771.0	0.397774	95.20024558217463	26.950563677076655
Tzo-CMvi_069-Ex1-7G-lcwgs-1-1	9.01049	0.891362	340918402.0	0.401682	95.51290972655207	27.875740402600872
Tzo-CMvi_070-Ex1-3H-lcwgs-2-1	0.28506299999999996	0.895165	313289.0	0.396727	94.1340782122905	73.35195530726257
Tzo-CMvi_071-Ex1-4A-lcwgs-2-1	8.27373	0.884171	11313304.0	0.408286	91.30123743232792	30.20108275328693
Tzo-CMvi_075-Ex1-3D-lcwgs-1-1	10.342600000000001	0.881156	349139741.0	0.401128	94.11927955118514	19.589407415650438
Tzo-CMvi_076-Ex1-5A-lcwgs-1-1	10.3587	0.885914	331836448.0	0.402028	94.58702931159077	20.33802906111356
Tzo-CMvi_077-Ex1-6D-lcwgs-1-1	11.8075	0.888979	439247971.0	0.397995	95.08107309150033	23.447955760364643
Tzo-CMvi_078-Ex1-4B-lcwgs-2-1	9.942	0.884331	75924339.0	0.406669	92.64361628125019	23.20044882923318
Tzo-CMvi_079-Ex1-7C-lcwgs-1-1	8.84836	0.887632	141605931.0	0.402661	94.75327867754424	24.585309247277255
Tzo-CMvi_080-Ex1-4C-lcwgs-2-1	9.5373	0.883553	40156725.0	0.40437	92.69231429110644	22.753449961968926
Tzo-CMvi_081-Ex1-4D-lcwgs-2-1	9.432450000000001	0.88587	46433651.0	0.406705	92.77423945213873	23.93804938064204
Tzo-CMvi_082-Ex1-6C-lcwgs-1-1	11.8959	0.890391	390050599.0	0.398212	95.29819142868148	26.239873669615232
Tzo-CMvi_083-Ex1-4E-lcwgs-2-1	9.39002	0.894822	34351553.0	0.404973	92.79379931569024	37.56117843472079
Tzo-CMvi_087-Ex1-2D-lcwgs-1-1	9.80921	0.881406	265330508.0	0.402536	94.32421670521809	19.139460697683784
Tzo-CMvi_088-Ex1-4F-lcwgs-2-1	9.617140000000001	0.878067	25964074.0	0.406352	91.39408612054069	19.579747901371018
Tzo-CMvi_089-Ex1-5D-lcwgs-1-1	11.760900000000001	0.889681	945360525.0	0.400054	94.88650120075121	25.47482650642557
Tzo-CMvi_090-Ex1-3F-lcwgs-1-1	10.671	0.902118	228365353.0	0.398695	96.06419773747903	44.04524244996195
Tzo-CMvi_091-Ex1-2C-lcwgs-1-1	10.1075	0.885033	413599745.0	0.401453	94.92521225270953	20.889249992184887
Tzo-CMvi_092-Ex1-4G-lcwgs-2-1	9.143410000000001	0.874935	17508910.0	0.420967	90.43382390646634	20.065637659607198
Tzo-CMvi_093-Ex1-4H-lcwgs-2-1	8.49498	0.889086	8966523.0	0.401799	89.7951728001169	32.20974694951168
Tzo-CMvi_094-Ex1-8C-lcwgs-1-1	10.5152	0.886212	733130280.0	0.403787	94.67157592998622	23.23191401888446
